10
7
22 160 860 1155 2227 2639 3339 5850 7507 9827 11231 11282 11688 12598 12709 14215 14495 18265 18556 20374 20856 21280 24543
18 708 2949 4085 5323 7756 12147 13615 14357 14863 15530 17437 19088 26463 29564 30287 30685 33810 33937
6 2903 5080 5579 18863 20856 21395
5 6714 14117 22852 27438 29554
28 629 845 1155 2635 2664 3314 4765 8863 8866 9784 10598 11757 11885 11904 13587 14377 16658 17484 19820 20856 21207 24861 25813 27046 28095 29380 30185 33090
11 630 1277 2550 4958 5135 7095 8690 11391 27391 27688 28238
8 960 2570 11292 24820 27283 28512 31604 32600
7
903 8 44 71 95 176 180 203 226 256 305 333 381 407 457 526 563 647 702 722 726 754 787 848 863 910 943 950 955 960 968 988 994 1022 1027 1032 1044 1065 1070 1076 1106 1133 1148 1155 1164 1203 1215 1216 1253 1268 1391 1571 1596 1690 1709 1716 1717 1736 1751 1888 1940 1949 1954 1955 1958 1992 1995 2008 2026 2064 2070 2141 2145 2152 2227 2286 2428 2429 2430 2431 2516 2524 2549 2570 2644 2654 2740 2757 2767 2819 2823 2923 2925 2979 2981 2985 3018 3033 3099 3149 3314 3321 3337 3338 3349 3382 3473 3487 3488 3559 3587 3632 3656 3690 3700 3704 3722 3759 3813 3819 3872 3908 3910 3965 3975 3994 4021 4189 4234 4240 4259 4260 4266 4272 4317 4349 4367 4483 4492 4537 4547 4570 4579 4625 4626 4637 4646 4689 4744 4762 4803 4835 4924 4959 5022 5057 5070 5080 5103 5117 5119 5164 5211 5275 5295 5322 5338 5352 5371 5375 5378 5465 5482 5502 5503 5535 5549 5571 5577 5580 5598 5607 5657 5669 5744 5747 5785 5790 5817 5837 5870 5871 5887 5937 5965 5989 5991 6030 6072 6088 6172 6191 6204 6232 6294 6322 6360 6379 6443 6497 6531 6548 6556 6561 6624 6749 6753 6773 6825 6827 6905 6911 6956 6963 6996 7019 7064 7119 7127 7180 7190 7225 7251 7255 7297 7301 7305 7326 7374 7386 7423 7430 7443 7448 7468 7484 7491 7520 7549 7563 7662 7694 7773 7778 7831 7841 7855 7891 7976 7980 8042 8046 8103 8156 8189 8263 8264 8288 8298 8329 8341 8360 8372 8430 8484 8492 8527 8555 8586 8622 8632 8664 8746 8750 8763 8773 8782 8821 8856 8858 8869 8918 8944 8964 9016 9082 9084 9154 9204 9210 9255 9292 9365 9375 9394 9499 9553 9577 9592 9597 9648 9671 9674 9691 9713 9753 9788 9834 9835 9910 10047 10083 10143 10165 10181 10198 10258 10291 10319 10330 10340 10358 10375 10382 10438 10506 10523 10538 10574 10597 10621 10630 10640 10653 10774 10804 10810 10863 10914 10919 10934 10944 11012 11027 11049 11165 11299 11317 11328 11366 11376 11402 11403 11493 11499 11599 11602 11631 11650 11786 11880 11894 11934 11961 12006 12037 12051 12081 12084 12101 12102 12143 12222 12396 12485 12507 12524 12553 12638 12664 12765 12782 12838 12845 12878 12902 12924 12926 13061 13111 13115 13121 13209 13250 13339 13355 13484 13510 13578 13594 13597 13629 13655 13678 13756 13776 13804 13840 13861 13864 13876 13939 13953 13963 13975 13989 14074 14086 14109 14188 14193 14214 14273 14310 14360 14377 14378 14442 14455 14477 14537 14604 14624 14639 14675 14699 14751 14752 14806 14932 15043 15063 15107 15167 15255 15257 15280 15294 15338 15457 15474 15476 15505 15508 15536 15553 15692 15709 15737 15889 15914 16001 16053 16089 16104 16175 16222 16319 16334 16363 16395 16444 16489 16560 16575 16592 16688 16765 16775 16903 16962 16978 17005 17064 17092 17156 17185 17204 17210 17238 17257 17342 17405 17448 17510 17513 17615 17621 17676 17727 17742 17765 17799 17803 17804 17837 17860 17864 17883 17921 17933 17976 18017 18045 18091 18118 18128 18186 18204 18211 18270 18293 18294 18307 18435 18514 18524 18539 18570 18596 18619 18635 18657 18713 18725 18769 18806 18840 18863 18868 18893 18895 19007 19043 19073 19083 19110 19191 19192 19209 19415 19482 19573 19608 19616 19633 19699 19828 19855 19860 19950 20024 20037 20051 20065 20096 20138 20153 20173 20194 20195 20228 20240 20425 20525 20559 20563 20709 20830 20856 20949 21035 21055 21075 21109 21139 21295 21317 21349 21393 21435 21446 21474 21481 21513 21537 21567 21595 21821 21836 21855 21869 21970 21975 22066 22076 22106 22153 22253 22269 22325 22399 22441 22448 22517 22519 22524 22659 22798 23013 23252 23383 23412 23552 23621 23633 23777 23808 23812 23882 23916 23943 23950 23957 23964 23980 24033 24034 24071 24072 24077 24120 24215 24295 24302 24312 24345 24351 24353 24370 24394 24400 24617 24658 24706 24765 24768 24807 24837 24868 24880 24935 25004 25102 25163 25183 25253 25285 25288 25476 25510 25554 25610 25655 25669 25724 25734 25785 25818 25947 25948 26126 26195 26198 26245 26310 26358 26530 26551 26656 26763 26766 26804 26815 26816 26824 26896 27055 27138 27222 27249 27264 27270 27299 27307 27394 27501 27720 27749 27750 27757 27775 27823 27886 27896 27906 27919 27927 27936 27937 27982 27987 28091 28093 28127 28140 28156 28220 28263 28321 28430 28439 28498 28506 28540 28542 28564 28643 28664 28735 28777 28834 28872 28916 28919 28964 29031 29082 29086 29122 29129 29207 29269 29273 29331 29352 29468 29633 29680 29686 29766 29860 30016 30042 30069 30094 30100 30126 30128 30143 30149 30158 30267 30364 30377 30422 30452 30529 30600 30726 30727 30730 30733 30744 30806 30836 30912 31051 31098 31318 31401 31459 31522 31534 31547 31596 31598 31600 31615 31646 31664 31699 31702 31714 31722 31726 31737 31748 31753 31774 31777 31789 31886 31889 31931 31988 31997 32012 32023 32026 32043 32059 32079 32129 32155 32163 32191 32240 32245 32250 32261 32339 32359 32361 32378 32410 32414 32421 32435 32452 32464 32473 32507 32508 32562 32607 32640 32672 32710 32738 32784 32813 32815 32828 32859 32883 32978 32982 33003 33036 33037 33063 33071 33130 33177 33230 33247 33274 33276 33280 33342 33351 33379 33403 33412 33426 33437 33454 33560 33572 33675 33687 33699 33722 33735 33818 33819 33821 33844 33908 33962 33970 34096 34112
33 222 495 2477 3455 3864 6606 7089 7357 7766 7992 9359 9620 10021 10050 11934 11935 12288 13251 13790 13814 13847 13945 14042 14462 14953 15248 15660 15763 15771 15824 16078 16206 16289
11 3578 5916 13624 15485 18292 21010 24051 30375 30503 33305 33428
6 7415 9822 12282 14127 16197 33868
2427 21 29 57 82 131 154 186 187 189 223 243 252 257 308 363 370 399 436 448 463 475 488 493 499 521 527 596 599 612 633 640 653 657 688 702 703 704 706 719 722 730 731 866 868 966 1000 1007 1011 1033 1125 1166 1193 1201 1203 1216 1255 1256 1275 1289 1346 1384 1386 1400 1410 1452 1464 1482 1526 1528 1532 1534 1560 1575 1584 1592 1602 1659 1668 1701 1708 1716 1719 1720 1742 1745 1755 1769 1789 1796 1833 1862 1869 1887 1894 1901 1928 1963 1967 1973 1988 1990 2024 2033 2058 2059 2076 2080 2097 2100 2102 2114 2129 2157 2180 2207 2226 2246 2254 2271 2279 2282 2305 2314 2323 2325 2352 2362 2368 2399 2416 2419 2424 2429 2443 2455 2462 2466 2470 2478 2491 2509 2518 2531 2533 2543 2548 2551 2562 2582 2587 2596 2652 2654 2656 2703 2704 2711 2726 2733 2743 2749 2756 2770 2778 2793 2813 2830 2873 2875 2879 2893 2897 2946 2982 2989 3035 3046 3072 3074 3075 3081 3082 3092 3125 3127 3151 3199 3205 3210 3212 3273 3281 3293 3311 3369 3388 3395 3427 3428 3499 3536 3589 3590 3604 3608 3611 3626 3640 3647 3670 3696 3724 3756 3800 3810 3813 3821 3829 3845 3861 3867 3871 3918 3931 3935 3950 3963 3976 3985 3999 4014 4025 4069 4100 4105 4137 4138 4154 4197 4254 4279 4330 4338 4345 4359 4373 4388 4398 4408 4422 4437 4447 4481 4542 4557 4575 4600 4614 4631 4634 4644 4667 4670 4695 4697 4739 4744 4783 4804 4823 4839 4862 4869 4872 4879 4930 4943 4970 4984 4985 4992 5000 5010 5020 5024 5036 5038 5056 5091 5109 5113 5124 5143 5147 5171 5195 5202 5210 5228 5269 5274 5275 5284 5300 5339 5350 5365 5373 5396 5404 5417 5418 5435 5436 5447 5486 5522 5523 5549 5556 5566 5591 5602 5649 5651 5665 5674 5677 5686 5720 5736 5743 5744 5750 5751 5771 5782 5793 5799 5802 5835 5855 5863 5889 5901 5909 5930 5932 5937 5969 6005 6014 6027 6060 6081 6101 6102 6115 6120 6122 6123 6139 6162 6175 6185 6242 6243 6258 6280 6315 6344 6346 6378 6381 6479 6483 6485 6492 6531 6537 6563 6568 6580 6591 6601 6609 6640 6643 6671 6687 6695 6706 6732 6735 6755 6757 6762 6784 6803 6811 6815 6818 6826 6835 6841 6847 6869 6872 6886 6902 6908 6932 6940 6943 6953 6956 6965 6975 6977 6986 6988 7001 7003 7023 7026 7031 7035 7041 7043 7050 7073 7074 7076 7082 7089 7096 7102 7132 7148 7159 7181 7197 7201 7202 7213 7239 7243 7244 7259 7260 7271 7274 7280 7312 7321 7354 7394 7407 7417 7423 7437 7438 7455 7457 7471 7551 7558 7584 7592 7618 7659 7687 7698 7720 7752 7765 7819 7842 7843 7849 7911 7915 7920 7933 7961 8008 8017 8024 8040 8044 8057 8087 8121 8133 8148 8149 8150 8165 8198 8200 8244 8246 8285 8337 8392 8395 8406 8410 8413 8445 8474 8479 8511 8519 8529 8534 8552 8571 8582 8592 8601 8632 8638 8684 8717 8719 8727 8728 8730 8783 8798 8799 8831 8868 8873 8877 8880 8887 8899 8933 8987 8994 9005 9033 9040 9043 9072 9116 9190 9202 9203 9208 9259 9269 9270 9273 9282 9297 9328 9361 9363 9364 9387 9390 9422 9432 9440 9457 9469 9495 9512 9519 9531 9535 9536 9542 9583 9587 9597 9639 9648 9661 9670 9677 9681 9692 9693 9725 9746 9757 9793 9809 9819 9828 9856 9868 9871 9877 9881 9887 9921 9922 9941 10001 10003 10060 10068 10100 10116 10140 10146 10164 10204 10247 10254 10270 10277 10283 10298 10320 10322 10324 10345 10353 10366 10412 10415 10437 10450 10469 10477 10485 10530 10534 10545 10579 10617 10640 10644 10656 10720 10728 10735 10752 10772 10782 10783 10801 10807 10812 10821 10833 10848 10918 10932 10954 10957 10981 10998 11006 11025 11042 11057 11075 11083 11085 11090 11117 11123 11127 11143 11209 11217 11225 11243 11245 11255 11261 11275 11285 11303 11313 11317 11344 11345 11358 11375 11387 11390 11394 11411 11460 11466 11468 11475 11498 11523 11555 11574 11584 11589 11590 11612 11613 11641 11647 11648 11675 11679 11705 11715 11745 11754 11760 11762 11782 11830 11836 11850 11856 11876 11911 11913 11926 11951 11955 11963 11965 11967 11986 12001 12013 12015 12017 12020 12034 12042 12044 12077 12078 12083 12084 12092 12141 12168 12187 12210 12216 12252 12256 12259 12261 12276 12286 12307 12335 12387 12389 12404 12420 12463 12464 12514 12553 12624 12659 12690 12691 12697 12702 12710 12771 12772 12777 12783 12802 12803 12827 12844 12847 12864 12880 12893 12911 12915 12928 12949 12992 13008 13016 13027 13067 13070 13091 13112 13152 13161 13168 13169 13172 13187 13202 13204 13247 13249 13254 13273 13282 13284 13302 13308 13339 13380 13392 13417 13435 13448 13454 13481 13492 13522 13527 13530 13542 13543 13564 13567 13575 13598 13602 13638 13648 13690 13724 13751 13764 13770 13781 13782 13783 13806 13823 13826 13837 13847 13850 13853 13856 13883 13900 13904 13922 13950 13958 13963 14036 14055 14058 14093 14136 14140 14143 14144 14162 14171 14191 14195 14203 14214 14215 14235 14238 14242 14294 14309 14314 14327 14334 14353 14380 14425 14431 14446 14503 14505 14518 14522 14535 14558 14562 14587 14591 14593 14607 14609 14621 14624 14625 14644 14657 14672 14681 14713 14727 14744 14766 14769 14773 14790 14791 14794 14823 14831 14835 14853 14860 14902 14903 14950 14957 14962 14976 15003 15076 15088 15116 15156 15158 15163 15164 15168 15243 15273 15306 15363 15386 15416 15425 15438 15498 15516 15520 15533 15568 15571 15575 15581 15594 15609 15631 15646 15695 15701 15723 15761 15777 15790 15792 15793 15809 15819 15832 15843 15845 15846 15876 15891 15908 15910 15931 15972 15975 16013 16016 16034 16039 16044 16090 16102 16133 16158 16194 16206 16255 16283 16295 16313 16324 16325 16344 16345 16348 16361 16366 16372 16376 16385 16399 16401 16406 16414 16415 16422 16430 16433 16452 16470 16475 16484 16496 16521 16529 16536 16538 16561 16565 16568 16577 16583 16602 16612 16617 16621 16626 16688 16712 16722 16729 16730 16737 16766 16784 16796 16813 16815 16818 16848 16852 16853 16862 16869 16877 16884 16901 16914 16920 16935 16939 16957 16964 16973 16986 16990 17006 17018 17065 17085 17091 17106 17113 17115 17127 17149 17168 17176 17178 17212 17217 17256 17298 17301 17336 17354 17399 17402 17433 17476 17486 17487 17494 17496 17501 17507 17510 17513 17520 17522 17523 17545 17547 17551 17562 17574 17581 17593 17594 17596 17601 17649 17650 17655 17677 17681 17683 17713 17716 17719 17726 17742 17751 17773 17778 17784 17802 17807 17812 17842 17848 17866 17870 17876 17882 17912 17914 17915 17923 17931 17934 17939 17942 17960 17961 17966 17970 17971 17986 18012 18016 18017 18042 18058 18060 18064 18070 18077 18081 18089 18097 18109 18114 18125 18142 18156 18180 18185 18188 18189 18208 18213 18218 18231 18240 18241 18243 18283 18289 18300 18301 18302 18307 18316 18319 18323 18335 18345 18349 18358 18365 18368 18374 18379 18389 18392 18399 18400 18407 18408 18409 18414 18420 18424 18432 18442 18450 18454 18458 18462 18465 18467 18470 18476 18477 18493 18496 18497 18523 18530 18536 18543 18551 18558 18561 18575 18577 18584 18590 18613 18625 18627 18629 18653 18655 18658 18667 18677 18685 18686 18689 18691 18696 18708 18709 18736 18761 18762 18764 18774 18779 18783 18788 18795 18807 18821 18829 18835 18857 18863 18865 18869 18883 18903 18923 18927 18928 18945 18946 18949 18953 18955 18964 18966 18980 18995 18996 19000 19007 19012 19026 19027 19032 19034 19045 19055 19068 19071 19076 19079 19089 19092 19094 19098 19101 19137 19161 19182 19183 19189 19220 19221 19226 19228 19231 19232 19243 19246 19253 19256 19265 19273 19280 19282 19285 19294 19295 19299 19301 19303 19304 19307 19309 19312 19314 19320 19324 19328 19352 19356 19360 19366 19387 19393 19408 19430 19456 19467 19480 19490 19501 19511 19538 19545 19550 19558 19575 19577 19583 19584 19594 19609 19623 19634 19652 19653 19661 19670 19673 19698 19701 19702 19706 19716 19733 19739 19755 19770 19773 19782 19788 19794 19801 19816 19818 19820 19826 19830 19850 19896 19897 19908 19913 19916 19928 19935 19937 19945 19954 19963 19981 19995 19997 20004 20010 20023 20034 20050 20053 20054 20056 20059 20067 20068 20070 20078 20082 20089 20091 20108 20114 20152 20158 20164 20165 20170 20174 20181 20184 20205 20208 20231 20244 20247 20250 20256 20257 20265 20288 20302 20307 20308 20316 20321 20327 20343 20348 20355 20375 20377 20386 20389 20395 20413 20415 20421 20443 20447 20450 20463 20464 20482 20484 20487 20511 20516 20518 20524 20530 20545 20546 20555 20563 20567 20575 20576 20583 20604 20608 20622 20624 20627 20631 20637 20639 20640 20653 20673 20679 20684 20695 20704 20705 20711 20716 20731 20736 20743 20766 20767 20805 20825 20829 20841 20851 20857 20865 20875 20876 20879 20889 20893 20904 20907 20911 20912 20919 20931 20956 20968 20969 20973 20980 20981 21002 21022 21034 21053 21054 21078 21080 21083 21084 21085 21089 21092 21096 21112 21126 21130 21131 21137 21158 21159 21186 21187 21196 21202 21209 21224 21227 21230 21247 21259 21260 21264 21272 21292 21300 21305 21309 21314 21321 21331 21342 21360 21363 21371 21381 21384 21389 21390 21407 21419 21436 21455 21468 21481 21498 21515 21531 21532 21539 21548 21550 21554 21571 21580 21583 21587 21595 21596 21598 21609 21627 21628 21634 21639 21651 21654 21660 21661 21662 21663 21668 21682 21695 21703 21706 21709 21715 21729 21749 21760 21761 21790 21796 21804 21836 21848 21855 21859 21880 21886 21891 21894 21903 21918 21935 21941 21955 21956 21963 21975 21977 21989 22007 22008 22011 22029 22030 22037 22055 22068 22079 22096 22101 22104 22109 22125 22139 22147 22148 22151 22179 22192 22226 22238 22245 22256 22262 22267 22270 22272 22281 22286 22289 22301 22312 22320 22327 22328 22340 22352 22356 22358 22374 22376 22384 22404 22410 22432 22453 22457 22462 22485 22488 22491 22518 22524 22530 22534 22548 22563 22567 22579 22596 22603 22621 22632 22633 22648 22650 22667 22669 22670 22682 22685 22686 22688 22706 22720 22722 22727 22732 22735 22740 22749 22759 22784 22786 22791 22803 22805 22825 22832 22833 22836 22852 22856 22864 22865 22903 22934 22935 22942 22948 22952 22954 22958 22959 22961 22966 22972 22988 22994 23009 23037 23062 23070 23073 23080 23090 23104 23113 23114 23133 23150 23165 23172 23176 23183 23186 23214 23230 23244 23255 23261 23265 23277 23292 23296 23304 23305 23309 23312 23315 23323 23326 23327 23341 23345 23352 23358 23362 23369 23373 23386 23389 23393 23399 23400 23402 23409 23423 23432 23438 23441 23448 23451 23454 23458 23459 23496 23506 23522 23524 23529 23531 23533 23534 23547 23551 23558 23561 23563 23564 23572 23577 23578 23587 23588 23591 23608 23651 23652 23667 23673 23690 23734 23735 23751 23756 23775 23779 23790 23795 23801 23838 23842 23844 23847 23854 23857 23877 23891 23893 23902 23922 23937 23940 23950 23972 23983 24013 24053 24094 24099 24122 24127 24214 24246 24269 24294 24312 24359 24408 24422 24455 24463 24471 24530 24535 24554 24576 24600 24623 24632 24647 24670 24684 24726 24743 24782 24813 24831 24855 24864 24875 24884 24887 24903 24910 24921 24937 24950 24953 24972 24973 24997 25018 25040 25050 25052 25056 25079 25086 25091 25123 25133 25135 25138 25156 25157 25164 25166 25173 25185 25202 25206 25207 25217 25254 25269 25282 25294 25309 25314 25320 25331 25340 25342 25350 25363 25367 25375 25377 25379 25383 25387 25392 25408 25454 25457 25471 25506 25528 25529 25546 25575 25591 25607 25613 25630 25634 25644 25646 25678 25825 25833 25845 25850 25855 25859 25865 25881 25889 25923 25936 25949 25952 25955 25966 25973 25976 25997 25998 26005 26014 26016 26020 26036 26045 26074 26079 26100 26102 26104 26112 26128 26131 26209 26216 26226 26243 26265 26267 26269 26298 26311 26328 26331 26349 26352 26410 26420 26425 26444 26476 26486 26505 26518 26537 26588 26593 26601 26619 26636 26663 26676 26678 26745 26768 26821 26834 26846 26911 26941 26961 26963 26965 26979 26990 26991 26993 27008 27009 27034 27063 27086 27120 27138 27147 27183 27260 27289 27306 27328 27346 27380 27472 27507 27554 27583 27591 27644 27645 27673 27678 27716 27730 27754 27758 27760 27768 27772 27773 27780 27781 27784 27795 27825 27883 27894 27907 27958 27959 27964 28006 28053 28058 28076 28085 28091 28106 28122 28165 28170 28175 28209 28216 28217 28247 28255 28258 28299 28353 28386 28388 28415 28427 28433 28453 28562 28622 28623 28665 28688 28696 28736 28740 28745 28837 28878 28929 28971 28994 29001 29047 29088 29104 29116 29118 29142 29164 29168 29214 29226 29270 29280 29336 29342 29352 29379 29386 29414 29436 29442 29453 29485 29487 29514 29556 29581 29618 29631 29661 29680 29715 29724 29763 29771 29788 29793 29800 29810 29811 29828 29847 29857 29899 29916 29919 29943 29970 29977 29990 30015 30019 30068 30085 30109 30199 30209 30232 30237 30241 30283 30285 30294 30368 30386 30424 30435 30445 30452 30471 30499 30518 30542 30545 30569 30579 30609 30611 30689 30700 30761 30775 30785 30796 30833 30838 30868 30882 30888 30898 30946 31014 31019 31067 31071 31085 31137 31144 31175 31176 31208 31209 31216 31252 31284 31286 31306 31311 31346 31379 31391 31440 31443 31476 31484 31508 31519 31528 31570 31599 31601 31637 31647 31648 31650 31655 31684 31688 31690 31721 31749 31752 31753 31758 31761 31778 31780 31788 31794 31795 31811 31820 31823 31824 31844 31852 31854 31877 31892 31897 31912 31914 31916 31920 31924 31929 31974 31985 31987 31991 32030 32036 32041 32048 32050 32103 32114 32138 32149 32167 32179 32186 32194 32201 32213 32245 32254 32279 32295 32299 32311 32315 32340 32355 32384 32410 32411 32414 32423 32431 32432 32451 32454 32460 32482 32487 32489 32496 32502 32518 32553 32569 32573 32585 32586 32597 32598 32600 32603 32605 32611 32625 32654 32698 32702 32731 32732 32734 32741 32747 32750 32756 32768 32783 32786 32802 32810 32813 32827 32850 32857 32867 32897 32898 32910 32916 32924 32932 32936 32950 32956 32965 32993 32995 33009 33027 33028 33041 33074 33084 33094 33096 33101 33134 33143 33159 33162 33164 33183 33195 33200 33232 33254 33260 33271 33280 33291 33294 33296 33309 33326 33329 33337 33343 33344 33350 33356 33376 33395 33405 33413 33426 33430 33463 33474 33475 33481 33491 33502 33508 33521 33532 33537 33559 33564 33575 33587 33592 33597 33598 33602 33604 33611 33637 33656 33668 33678 33679 33724 33730 33745 33751 33754 33818 33822 33826 33831 33844 33852 33857 33864 33883 33889 33904 33916 33982 33992 34000 34004 34071 34073 34099 34107
14 1173 1670 2412 13983 16324 20793 20797 20864 21163 23930 26711 26843 28984 30518
19 1069 6023 11387 13405 14061 14148 15869 16505 18158 19696 20863 21875 23193 23357 24544 27039 31429 31444 33099
7
25 1854 5752 6007 10476 11581 13533 14083 14908 15745 15899 16166 16861 17380 23141 25140 28546 29499 29916 30287 30330 30454 30466 30532 32408 32585
16 2319 2635 5730 10628 13674 14805 16658 18134 18410 19896 22396 23541 24242 27337 27361 30694
24 869 4303 5387 7018 11380 12733 13352 13979 14939 16595 17208 18201 20044 23195 23655 26127 26904 30508 31290 31293 31610 33324 33335 34091
5 2253 8391 17007 22213 28158
16 3915 13243 15955 16243 16486 18008 22371 23199 26851 27337 27394 27782 28213 28994 30012 30176
97 40 295 428 632 845 857 2565 2616 2985 3067 3447 3516 3692 3936 4387 4526 4544 4765 4769 5080 6625 7004 7225 7314 7547 7927 8423 8741 8933 9392 9487 10273 10859 11410 11443 12159 12553 12660 13535 14281 14411 15057 16555 16842 17196 17263 17839 18276 18280 18352 18926 19094 19234 19550 20024 20195 20286 20479 20541 20856 20889 20972 21306 21897 21954 22088 22217 23329 23673 24033 24162 24231 24649 25127 25355 25501 26265 26669 27249 27987 28268 28643 28828 28943 29247 29862 30503 30696 31324 31728 31767 31907 32685 32908 33286 33587 33785
5 69 2892 8493 11478 33485
7
13 902 5515 8066 9062 10514 10845 11905 12697 25581 27739 27874 28299 28359
38 4444 6630 8827 9053 10897 12053 13714 14198 16458 18827 19204 21556 23771 23818 24008 24216 24271 24386 24808 25006 25279 25607 26827 31596 31605 31705 31792 31813 31834 32057 32067 32161 32235 32312 32362 32688 32726 33241
62 690 1263 4225 5892 8051 8682 8815 9118 9191 10281 11932 12273 12686 12861 13754 13794 14799 16365 16540 16658 16771 17104 17324 17653 19391 19463 20654 21140 23317 23644 23962 24382 25079 26699 26731 27013 27092 27259 27268 27318 27324 27341 27344 27351 27369 27373 27381 27385 27512 27514 27519 27599 27619 27818 27819 27852 27940 28184 28186 28372 28480 28669
1116 38 71 107 135 214 229 245 267 277 323 361 364 381 389 460 473 550 557 558 594 692 710 729 733 792 817 846 912 954 976 1049 1089 1105 1162 1167 1191 1214 1240 1244 1264 1290 1320 1370 1373 1378 1383 1396 1402 1424 1546 1555 1619 1680 1685 1700 1702 1703 1731 1770 1790 1825 1888 1897 1917 1918 1933 1965 1996 2008 2009 2029 2032 2046 2051 2064 2161 2187 2195 2245 2297 2321 2341 2387 2422 2525 2541 2572 2621 2658 2725 2732 2776 2808 2814 2939 2957 3001 3100 3102 3134 3143 3198 3206 3217 3242 3246 3255 3260 3333 3338 3364 3374 3404 3430 3459 3465 3472 3566 3593 3610 3624 3629 3694 3738 3740 3764 3785 3801 3823 3830 3832 3854 3957 3972 3973 3998 4022 4030 4054 4075 4103 4119 4181 4225 4270 4385 4416 4438 4506 4560 4587 4589 4602 4649 4742 4827 4851 4955 4961 5082 5099 5107 5160 5262 5270 5287 5302 5307 5381 5424 5442 5465 5487 5540 5541 5551 5557 5574 5653 5662 5680 5684 5688 5705 5721 5726 5808 5876 5884 5892 5897 5899 5917 5926 5947 5954 5966 5978 5990 6010 6041 6050 6079 6109 6200 6202 6220 6241 6281 6285 6335 6388 6399 6405 6528 6538 6599 6644 6665 6673 6751 6754 6778 6843 6845 6931 6934 6941 6947 6982 6992 7007 7016 7029 7044 7107 7156 7182 7210 7281 7332 7346 7347 7367 7380 7397 7415 7440 7486 7544 7601 7606 7639 7652 7682 7715 7759 7786 7893 7898 7922 7923 7938 7973 8003 8016 8034 8074 8089 8138 8175 8189 8202 8224 8357 8365 8414 8546 8590 8591 8602 8606 8646 8649 8651 8657 8674 8712 8726 8739 8742 8819 8894 8910 8934 8999 9004 9055 9069 9094 9153 9205 9218 9229 9235 9246 9268 9309 9310 9321 9339 9344 9347 9398 9405 9428 9434 9436 9475 9544 9564 9578 9699 9735 9814 9852 9890 9938 9988 10132 10149 10178 10253 10351 10387 10440 10514 10528 10594 10610 10616 10668 10709 10779 10909 10920 10935 10943 11016 11032 11077 11139 11146 11174 11196 11201 11215 11370 11399 11432 11542 11565 11602 11655 11660 11667 11775 11778 11783 11807 11814 11828 11873 11928 11933 11966 12003 12006 12023 12030 12041 12129 12145 12152 12170 12178 12179 12183 12190 12198 12215 12220 12224 12277 12306 12359 12442 12481 12666 12671 12695 12741 12762 12856 12927 12952 13017 13109 13128 13131 13156 13193 13216 13242 13324 13332 13362 13389 13402 13429 13513 13610 13616 13635 13672 13736 13773 13919 13983 13996 14035 14094 14100 14120 14200 14208 14225 14313 14388 14423 14427 14432 14435 14454 14476 14504 14531 14550 14568 14578 14594 14700 14706 14723 14756 14800 14808 14817 14824 14834 14863 14906 14930 14954 15000 15078 15079 15099 15106 15139 15145 15148 15150 15169 15170 15180 15218 15235 15246 15252 15313 15366 15373 15393 15424 15437 15447 15463 15473 15534 15602 15604 15614 15633 15642 15681 15720 15752 15769 15787 15820 15822 15823 15886 15917 15938 16006 16036 16058 16063 16195 16208 16229 16242 16254 16261 16290 16309 16323 16347 16360 16392 16513 16544 16598 16603 16604 16648 16656 16685 16701 16717 16741 16798 16807 16826 16847 16888 16927 16985 17023 17053 17076 17090 17092 17104 17131 17140 17144 17205 17278 17279 17343 17465 17493 17498 17527 17641 17648 17693 17727 17754 17769 17795 17818 17838 17849 17940 17943 17945 17950 17998 18061 18075 18106 18119 18158 18244 18245 18313 18326 18339 18348 18361 18427 18437 18632 18640 18697 18819 18837 18877 18916 18951 18990 19057 19063 19138 19160 19169 19210 19283 19306 19319 19355 19397 19399 19406 19428 19433 19468 19519 19534 19552 19570 19587 19599 19638 19651 19692 19719 19749 19866 19894 19905 19911 19912 19921 19922 19927 19980 20024 20031 20092 20110 20116 20132 20168 20175 20196 20219 20224 20289 20324 20346 20392 20399 20445 20470 20480 20495 20496 20522 20577 20607 20617 20626 20662 20678 20809 20827 20834 20886 20897 20955 20984 21028 21051 21066 21108 21113 21128 21133 21145 21181 21231 21235 21236 21239 21316 21400 21408 21462 21463 21500 21510 21546 21594 21610 21616 21653 21658 21743 21781 21798 21900 21930 21948 21968 21983 21996 22014 22032 22050 22093 22110 22119 22149 22159 22198 22236 22259 22324 22411 22454 22469 22486 22525 22539 22551 22608 22668 22674 22698 22711 22713 22729 22772 22922 22956 22967 23015 23018 23019 23025 23049 23050 23058 23125 23190 23248 23263 23283 23307 23333 23344 23351 23355 23411 23420 23422 23429 23461 23462 23535 23538 23560 23597 23617 23618 23622 23663 23717 23731 23738 23768 23817 23834 23864 23896 23923 23927 23947 23960 23961 23969 24009 24074 24101 24161 24196 24206 24207 24260 24283 24321 24367 24368 24393 24421 24478 24494 24513 24588 24606 24608 24619 24669 24723 24744 24747 24748 24770 24777 24811 24847 24869 24891 24916 24919 24965 24985 24986 25047 25104 25114 25147 25198 25213 25227 25277 25286 25349 25404 25430 25443 25447 25455 25468 25475 25485 25502 25503 25534 25541 25572 25580 25592 25605 25617 25648 25675 25702 25711 25726 25813 25824 25826 25871 25922 25954 25957 25958 25980 26038 26049 26089 26107 26111 26121 26124 26149 26246 26313 26393 26467 26479 26497 26501 26525 26563 26583 26587 26625 26635 26659 26690 26703 26718 26726 26742 26760 26775 26798 26800 26867 26889 26924 26936 26966 26975 27003 27005 27022 27062 27082 27101 27106 27153 27168 27229 27250 27264 27331 27441 27461 27529 27533 27555 27563 27596 27674 27704 27717 27797 27836 27853 27864 27890 27912 27916 27941 27962 27997 28047 28094 28096 28176 28185 28187 28241 28288 28302 28316 28331 28333 28376 28463 28557 28571 28606 28628 28631 28641 28674 28714 28799 28808 28833 28883 28985 28992 29014 29028 29046 29060 29075 29084 29098 29135 29242 29288 29292 29437 29543 29573 29578 29580 29611 29729 29732 29739 29791 29815 29876 29930 29952 29983 30017 30036 30080 30118 30210 30218 30227 30258 30272 30282 30352 30359 30378 30385 30458 30488 30496 30514 30526 30527 30533 30596 30647 30723 30748 30764 30818 30822 30827 30851 30873 30878 30916 30979 31042 31060 31066 31160 31163 31202 31243 31255 31278 31282 31372 31439 31592 31626 31628 31734 31769 31771 31772 31784 31808 31851 31876 31891 31900 31980 32059 32094 32098 32099 32206 32207 32244 32255 32289 32301 32309 32333 32421 32471 32519 32577 32582 32587 32615 32620 32754 32759 32800 32817 32834 32864 32884 32901 32933 32957 32976 32989 33002 33029 33060 33085 33093 33114 33120 33121 33137 33198 33243 33248 33273 33290 33295 33317 33342 33402 33417 33433 33435 33482 33483 33494 33500 33507 33535 33608 33645 33666 33669 33729 33760 33768 33787 33788 33961 33965 34002 34018 34024 34041 34057 34061 34075 34112
1297 14 22 37 55 103 208 292 294 315 359 401 428 455 460 477 479 554 602 624 627 652 659 668 684 686 690 750 893 906 930 937 962 980 988 1050 1071 1091 1107 1143 1151 1154 1169 1176 1179 1203 1212 1214 1234 1266 1302 1307 1321 1336 1346 1351 1382 1393 1398 1413 1447 1452 1454 1462 1514 1528 1576 1611 1623 1652 1687 1730 1755 1783 1788 1812 1815 1864 1888 1937 1956 1965 1966 1996 2020 2028 2038 2054 2115 2119 2174 2191 2193 2211 2233 2262 2280 2321 2333 2358 2363 2382 2400 2417 2432 2443 2450 2454 2498 2506 2510 2541 2579 2603 2613 2621 2640 2684 2713 2768 2795 2821 2826 2839 2843 2853 2957 3059 3070 3076 3129 3158 3170 3256 3286 3337 3378 3425 3427 3449 3470 3494 3515 3532 3559 3567 3582 3600 3616 3619 3740 3831 3836 3847 3856 3886 3908 3954 3959 3963 3968 4008 4037 4051 4052 4091 4092 4106 4134 4138 4200 4239 4263 4282 4364 4388 4410 4414 4439 4458 4468 4471 4509 4513 4524 4538 4583 4593 4598 4616 4627 4649 4655 4661 4674 4675 4677 4729 4760 4797 4821 4827 4828 4853 4861 4880 4911 4926 4936 4950 4975 5006 5024 5059 5064 5072 5161 5199 5218 5262 5271 5278 5282 5287 5289 5333 5339 5341 5349 5353 5354 5369 5373 5380 5399 5410 5424 5428 5443 5477 5513 5533 5566 5571 5579 5605 5624 5625 5683 5705 5714 5774 5791 5841 5842 5907 5912 5921 5927 5950 6013 6049 6077 6161 6187 6189 6215 6232 6277 6290 6294 6310 6346 6366 6392 6468 6472 6473 6474 6476 6477 6522 6565 6638 6656 6664 6680 6731 6742 6799 6811 6851 6907 6931 6937 6957 6993 7008 7014 7024 7038 7051 7116 7133 7164 7170 7235 7250 7274 7316 7365 7366 7368 7418 7449 7485 7498 7549 7570 7590 7616 7620 7694 7715 7724 7727 7735 7776 7808 7891 7905 7928 7935 7950 7955 7956 7971 7976 8003 8013 8014 8019 8024 8075 8095 8103 8128 8153 8184 8234 8253 8271 8280 8283 8294 8360 8385 8398 8439 8449 8451 8455 8474 8491 8498 8503 8509 8573 8603 8619 8691 8697 8749 8754 8810 8821 8832 8852 8932 8971 8991 9008 9010 9029 9039 9102 9104 9189 9224 9235 9241 9358 9365 9366 9400 9513 9514 9534 9548 9555 9564 9573 9600 9606 9651 9657 9697 9719 9723 9730 9740 9757 9772 9826 9841 9851 9858 9876 9886 9893 9960 9975 9978 10004 10031 10056 10085 10109 10173 10200 10220 10287 10302 10305 10319 10326 10338 10355 10401 10404 10431 10510 10548 10571 10611 10634 10651 10652 10658 10790 10799 10801 10813 10816 10825 10849 10872 10906 10907 10908 10941 10965 10984 11038 11053 11158 11240 11245 11246 11263 11276 11305 11306 11309 11334 11367 11391 11417 11423 11472 11492 11518 11584 11606 11661 11726 11754 11761 11802 11827 11832 11877 11933 11961 11969 11993 12052 12093 12109 12125 12128 12216 12254 12301 12319 12332 12472 12553 12586 12590 12656 12677 12691 12704 12737 12789 12814 12815 12876 12924 12944 12955 12974 12979 13112 13113 13180 13183 13216 13223 13289 13321 13329 13460 13468 13527 13577 13585 13586 13625 13698 13726 13769 13784 13844 13857 13931 13938 13962 13973 13990 14076 14110 14119 14133 14154 14211 14212 14313 14325 14349 14388 14447 14483 14486 14551 14563 14727 14768 14809 14878 14890 14948 14976 14992 14993 15014 15024 15050 15201 15240 15266 15284 15292 15310 15476 15505 15506 15517 15522 15531 15584 15585 15654 15659 15723 15747 15749 15755 15756 15784 15827 15843 15902 15904 15911 15948 15993 16015 16034 16070 16115 16123 16203 16264 16281 16287 16334 16442 16449 16504 16548 16655 16658 16696 16705 16746 16775 16780 16816 16866 16870 16920 16937 16983 17051 17065 17089 17146 17155 17158 17169 17223 17311 17352 17374 17376 17417 17420 17431 17434 17470 17501 17520 17555 17575 17593 17606 17676 17679 17681 17699 17701 17702 17727 17745 17754 17756 17777 17878 17879 17887 17925 17941 17963 17970 17977 17986 18011 18039 18084 18095 18119 18132 18164 18186 18224 18238 18239 18250 18293 18300 18309 18313 18336 18349 18350 18356 18361 18368 18377 18382 18389 18394 18414 18421 18441 18454 18468 18485 18493 18522 18540 18669 18676 18687 18741 18742 18761 18762 18769 18775 18786 18798 18800 18853 18855 18881 18893 18922 18983 19008 19025 19030 19084 19106 19164 19165 19204 19207 19223 19253 19262 19264 19270 19280 19313 19341 19406 19458 19478 19526 19611 19633 19654 19685 19687 19697 19699 19715 19728 19747 19756 19760 19765 19805 19859 19908 19932 19964 19997 20029 20042 20047 20059 20079 20114 20140 20159 20195 20233 20284 20285 20295 20311 20345 20374 20390 20410 20420 20426 20434 20437 20443 20455 20550 20594 20603 20607 20610 20625 20669 20671 20681 20711 20729 20754 20764 20775 20814 20851 20882 20960 20962 21001 21011 21054 21131 21240 21262 21312 21328 21336 21382 21402 21488 21531 21532 21590 21637 21676 21709 21714 21756 21805 21839 21865 22086 22146 22190 22192 22227 22284 22359 22366 22415 22417 22440 22457 22599 22613 22660 22688 22719 22720 22777 22805 23076 23087 23107 23144 23216 23224 23231 23313 23389 23495 23523 23547 23581 23611 23656 23668 23683 23698 23706 23724 23770 23772 23783 23816 23819 23820 23849 23874 23889 23923 23933 23936 24006 24014 24030 24033 24040 24097 24113 24164 24170 24173 24202 24271 24310 24325 24326 24377 24389 24404 24443 24444 24505 24515 24576 24595 24605 24661 24676 24679 24691 24738 24752 24811 24845 24854 24872 24895 24902 24924 24937 24960 24979 24998 25006 25014 25116 25147 25171 25185 25211 25221 25275 25281 25286 25326 25363 25413 25416 25445 25512 25534 25539 25550 25568 25584 25647 25657 25665 25738 25743 25756 25793 25842 25844 25929 25953 25976 26211 26232 26374 26376 26402 26404 26428 26458 26487 26530 26705 26769 26807 26827 26971 26976 27053 27113 27114 27119 27185 27191 27258 27287 27297 27307 27345 27408 27417 27536 27573 27594 27595 27599 27606 27638 27639 27668 27680 27710 27737 27748 27757 27768 27775 27784 27827 27870 27894 27896 27930 27932 27988 27993 28051 28078 28089 28113 28115 28141 28155 28174 28182 28193 28214 28293 28317 28331 28359 28421 28463 28476 28500 28555 28563 28567 28572 28637 28642 28686 28689 28697 28706 28746 28747 28774 28800 28823 28826 28863 28892 28896 28914 28920 28977 28981 29020 29037 29123 29139 29173 29192 29222 29248 29399 29419 29461 29477 29511 29547 29560 29564 29572 29582 29588 29606 29686 29727 29733 29738 29753 29760 29805 29829 29860 29884 29908 29912 29974 30032 30045 30058 30101 30135 30148 30162 30183 30201 30317 30342 30397 30409 30426 30441 30462 30480 30540 30552 30558 30595 30600 30670 30675 30722 30723 30730 30754 30799 30801 30805 30809 30834 30872 30875 30884 30904 30986 30994 31006 31010 31044 31091 31095 31164 31167 31277 31310 31407 31472 31473 31557 31572 31596 31610 31632 31637 31640 31647 31657 31676 31677 31679 31680 31700 31706 31714 31775 31779 31785 31824 31829 31833 31834 31844 31856 31874 31889 31893 31895 31906 31907 31915 31943 31946 31963 31964 31970 31983 32017 32026 32029 32151 32152 32178 32180 32203 32205 32218 32222 32236 32259 32282 32293 32294 32337 32343 32358 32363 32367 32388 32416 32424 32475 32477 32481 32489 32504 32507 32516 32520 32526 32568 32570 32635 32644 32661 32662 32683 32698 32738 32826 32851 32858 32877 32885 32957 32989 33012 33015 33021 33053 33068 33072 33076 33077 33080 33107 33119 33154 33174 33187 33190 33213 33218 33223 33241 33257 33259 33266 33288 33289 33290 33391 33394 33399 33403 33491 33495 33517 33521 33588 33668 33674 33675 33677 33686 33696 33708 33718 33721 33724 33727 33784 33793 33807 33832 33842 33849 33884 33888 33916 33921 33928 33957 33958 33973 34005 34031 34042 34044 34056 34072 34079
13 17988 18814 19049 19716 19762 20023 20214 20680 22167 24332 28306 31567 31717
5 2831 7940 23670 25336 29773
7
36 337 1363 1607 1819 5081 5180 5856 6110 6704 7282 8108 8417 8658 9026 9507 10151 10162 10294 11509 12233 12366 12378 12565 12915 13035 13072 13169 13211 13494 13606 13632 13995 14209 14272 14371 14957
86 367 907 1020 1184 1871 2080 2375 3167 3285 3420 4106 4235 4575 4820 5739 5818 6339 6633 7403 8116 8355 8501 9554 9882 10122 10128 10674 10817 10889 11194 12361 13684 13872 14234 14400 14548 14564 14641 14753 15398 15589 15606 16817 17054 17129 17286 17310 20303 23061 23867 24132 24851 25152 25427 25611 26358 27314 27815 27953 28303 28311 28689 29074 29091 29461 29498 29532 29619 29712 29721 29736 29906 29936 29954 29974 30002 30019 30038 30107 30257 30763 31535 32307 32963 33229 33472
41 2 1282 1517 2494 3261 3282 4285 5063 5196 6543 6635 6918 11598 11719 12020 13032 15114 15519 15739 16464 20358 20598 20652 21394 21403 21601 22038 22181 22221 22259 25164 25184 26395 26554 31979 32849 32854 32899 33309 33442 33664
19 1685 5154 5437 5786 6512 7692 12991 16493 16904 17570 17610 17928 18969 19920 20275 20537 27432 29526 32288
9 3625 4968 7721 16643 17237 22387 23192 24782 33851
9 4768 13503 13822 16979 22490 26184 27151 27155 31487
10 5760 6695 9840 15727 15893 19000 30381 31463 32315 33721
7
5 750 5902 12245 30425 32345
15 3112 3615 4043 9847 9855 14327 14482 18609 20874 21735 22397 25135 29932 31868 33141
9 4768 13503 13822 16979 22490 26184 27151 27155 31487
10 8112 9807 11351 12706 13270 16767 21288 21515 23063 33897
13 3409 5586 9461 9535 9890 11612 20995 21013 22606 24879 25340 27233 30199
432 4 40 73 88 267 561 567 687 698 725 729 834 894 901 924 1077 1229 1244 1462 1470 1498 1505 1507 1516 1533 1578 1585 1612 1678 1683 1690 1702 1781 1985 1998 2227 2342 2535 2605 2608 2647 2720 2797 2849 2986 3015 3088 3286 3316 3421 3578 3646 3874 3923 3935 3947 3996 4045 4170 4201 4491 4500 4526 4539 4681 4765 4851 4908 5161 5241 5345 5519 5579 5660 5682 5709 5796 5844 5876 6131 6151 6185 6257 6322 6346 6511 6572 6837 6881 6972 6987 7017 7137 7261 7343 7387 7415 7426 7544 7640 7755 7773 7854 7881 8005 8159 8413 8443 8486 8682 8765 8856 8882 8928 9029 9212 9366 9682 9879 9881 9923 9999 10027 10031 10281 10309 10373 10451 10510 10642 10690 10708 10842 10876 10896 10934 10942 10953 10978 11172 11231 11539 11588 11697 11743 11776 11885 11969 11975 11977 12045 12073 12224 12232 12255 12256 12437 12613 12909 12934 13085 13092 13197 13230 13315 13620 13922 13960 14083 14090 14283 14368 14395 14504 14625 15098 15149 15203 15329 15359 15480 15517 15537 15658 15693 15703 15794 15948 15960 15962 16070 16130 16190 16250 16276 16288 16378 16393 16553 16576 16600 16881 16889 16943 17022 17033 17051 17091 17156 17204 17214 17315 17380 17470 17471 17533 17540 17543 17576 17605 17687 17767 17777 17825 17887 18068 18099 18214 18336 18458 18638 18693 18702 18748 18797 18924 18959 19000 19014 19044 19058 19112 19272 19445 19509 19564 19583 19642 19706 19708 19859 19910 19925 20147 20166 20171 20174 20184 20244 20351 20366 20479 20545 20547 20591 20704 20856 20884 20888 21035 21046 21122 21226 21393 21478 21568 21603 21651 21656 21672 21685 21689 21737 21833 21853 21864 22001 22006 22276 22285 22340 22387 22417 22526 22608 22765 22872 22900 22932 22984 23078 23164 23389 23437 23633 23789 23799 24068 24720 24728 24759 24908 24925 25778 26045 26286 26449 26494 26502 26798 26969 27004 27102 27156 27182 27225 27271 27283 27405 27427 27433 27478 27535 27605 27769 27814 27835 27839 27883 27893 27905 27917 27936 28055 28080 28161 28163 28174 28244 28363 28372 28379 28447 28487 28496 28506 28545 28708 28761 28808 28814 28818 28830 28997 29142 29183 29241 29275 29296 29395 29625 29653 29761 29766 29887 30026 30039 30048 30063 30093 30189 30390 30491 31078 31085 31484 31545 31728 31730 31767 31776 32028 32091 32178 32237 32247 32373 32450 32497 32500 32519 32520 32668 32699 32715 32738 32771 32775 32783 32784 32908 33050 33073 33111 33130 33234 33366 33369 33378 33425 33441 33572 33641 33657 33699 33751 33774 33880 33891 33896 34105 34117
5 6774 10174 15186 22542 33447
7
37 4803 5080 5131 5750 5814 7502 8457 9592 11012 11158 11641 13783 13858 14235 14455 14783 15710 15941 16860 19325 19688 20512 20515 20835 21221 21502 21511 22265 22339 27424 27987 29655 30256 30275 30704 33626 33761
41 2062 4270 4289 4348 7000 9440 9454 9929 10688 10885 11714 14307 14557 17512 17814 17837 18458 19127 19158 19419 20449 21298 21537 21911 21938 24440 24641 25499 25605 26085 27897 29340 31844 32178 32192 32620 32627 32909 32955 33445 33468
9 867 2635 9758 17351 17563 21562 27849 29380 30730
8 1258 2111 3487 3662 31697 31769 31900 31903
20 401 2699 3578 6473 11176 12310 16093 16528 16553 19734 20856 22914 23268 25870 28319 29605 31966 32139 32267 33155
18 341 803 915 5528 7967 8317 10662 11208 11377 14061 15831 21251 21671 22080 23503 27193 30542 33920
9 4411 8314 11788 12347 14281 16907 18830 21836 22621
7
6 3564 5080 17962 19608 20856 29380
26 3380 11625 12596 16887 18052 20193 20704 21922 23136 23209 23210 23211 23213 23215 23216 23217 23218 23222 23226 23227 23229 23230 23233 23236 23240 23242
16 388 10884 11525 11791 13356 14235 18404 20382 20771 21070 22222 22358 31591 31636 31744 33051
5 12727 17601 21004 29944 33949
9 17110 17969 19873 23329 24886 26609 27181 27823 29172
6 5848 12644 29314 30306 30474 31408
215 208 460 535 566 782 805 1001 1095 1703 1984 2333 2358 2387 2473 2747 3055 3295 3312 3315 3823 3943 4138 4264 4585 4598 5173 5568 5625 5745 5872 5914 5917 6043 6095 6202 6228 6340 6422 6451 6493 6554 6616 6736 6856 6954 7597 7753 7813 7928 8368 8486 8750 8831 9053 9605 9630 9749 9932 10073 11727 11922 11961 12103 12139 12388 12494 12529 12684 12701 12705 13129 13209 13248 13398 13699 13954 14661 14718 15683 15762 16319 16600 16957 17146 17244 17300 17374 17789 17945 17965 17979 18248 18420 18475 18754 18791 19039 19063 19580 19613 19629 19700 20060 20803 21087 21647 22090 22434 22529 22649 22752 23131 23440 23448 23537 23672 23685 23719 23764 23784 23841 23920 23968 23970 24027 24118 24128 24130 24164 24234 24236 24401 24406 24518 24717 24748 25020 25173 25199 25203 25211 25235 25247 25249 25284 25336 25449 25450 25504 25582 25606 25837 25848 25949 26473 27180 27298 27359 27384 27458 27471 27643 27783 27819 27855 27903 27981 27983 28034 28307 28323 28378 28431 28541 28769 28935 29002 29054 29063 29112 29164 29165 29203 29239 29266 29325 29357 29728 30100 30281 30455 30708 30726 30728 30768 30774 30829 30914 30920 30923 31042 31045 31049 31052 31056 31075 31127 31134 31157 31654 31834 31836 31996 32333 32522
7
15 6354 6480 12596 14013 14647 15189 16887 19465 20940 21325 21790 22341 23215 23222 23233
14 392 768 9314 9580 13127 14037 18441 20756 23237 24141 26495 27273 29550 30110
35 2328 3545 4176 5144 7284 8186 9136 9797 10735 12038 12884 13404 14766 17228 19376 20251 20822 21075 21404 22464 22511 23691 23849 24619 27901 28045 29645 30053 30345 30431 33324 33335 33350 33800 33944
37 190 974 1407 2407 3332 4373 4846 5238 7436 8681 8907 8994 9642 10974 12912 14596 14977 15516 16898 18709 19693 19702 19849 19908 20523 20627 21240 22646 24661 25195 31155 31177 31840 31858 32267 32392 33658
542 72 151 283 440 567 705 707 708 727 789 865 889 1181 1190 1267 1343 1407 1411 1457 1492 1542 1544 1611 1676 1738 2020 2068 2421 2436 2467 2501 2547 2559 2650 2803 2863 3016 3084 3168 3178 3332 3333 3351 3414 3432 3507 3597 3711 3800 3810 3817 3818 3880 3895 4026 4030 4032 4046 4059 4121 4127 4148 4191 4247 4368 4370 4475 4491 4573 4887 4951 5058 5103 5212 5213 5533 5600 5637 5655 5667 5815 5868 5876 5898 5945 6089 6152 6225 6254 6351 6377 6420 6438 6468 6512 6698 6816 6855 6864 6880 6970 6987 7004 7113 7175 7293 7470 7577 7726 7936 8014 8024 8029 8034 8040 8064 8085 8240 8300 8400 8561 8600 8840 8864 8898 8900 9027 9038 9061 9120 9254 9293 9379 9402 9543 9660 9670 9728 9819 9835 9871 9896 9903 10123 10270 10280 10290 10365 10369 10436 10550 10635 10687 10775 10807 10978 10987 11008 11166 11200 11259 11264 11267 11303 11316 11321 11358 11427 11505 11526 11542 11560 11568 11602 11624 11714 11782 11805 11955 11968 11998 12003 12019 12134 12210 12320 12365 12490 12660 12770 12798 12801 12992 13429 13436 13461 13483 13550 13578 13648 13649 13761 13857 13879 13967 13971 14030 14104 14228 14306 14322 14354 14363 14378 14472 14532 14556 14615 14712 14774 14796 14858 14942 14951 14977 15020 15098 15138 15310 15397 15447 15514 15529 15666 15669 15755 16006 16024 16034 16155 16299 16449 16493 16555 16598 16646 16650 16743 16969 17020 17070 17198 17309 17336 17407 17490 17498 17512 17554 17626 17664 17695 17722 17730 17732 17741 17786 17813 17837 17851 17853 17910 17941 17971 17986 17995 18020 18030 18032 18069 18133 18137 18242 18253 18291 18317 18367 18407 18444 18460 18482 18601 18704 18718 18727 18807 18831 18871 18905 18981 18987 19018 19070 19081 19109 19158 19165 19178 19193 19196 19208 19216 19228 19233 19240 19242 19254 19255 19268 19269 19280 19290 19315 19341 19370 19374 19381 19386 19387 19417 19421 19480 19488 19530 19569 19593 19639 19715 19740 19747 19751 19826 19828 19881 19882 19919 19924 19949 20023 20027 20033 20105 20114 20166 20167 20170 20182 20222 20236 20257 20301 20311 20447 20448 20487 20577 20619 20646 20655 20670 20684 20742 20840 20872 20905 20919 20921 20952 20967 21012 21040 21108 21239 21318 21348 21354 21492 21597 21654 21911 22029 22107 22169 22208 22394 22448 22579 22740 23065 23438 23447 23465 23633 23635 23704 23760 23864 23924 23934 24031 24077 24133 24398 24696 24711 24757 24814 24826 24841 24875 24905 25014 25038 25051 25124 25290 25334 25353 25440 25476 25541 25547 25566 25568 25583 25609 25624 25633 25683 25727 25765 25834 25841 25856 25860 25905 25945 26048 26075 26107 26200 26202 26223 26374 26398 26409 26456 26472 26499 26615 26658 26887 27247 27420 27673 28003 28078 28089 28288 28418 28436 28456 28540 28543 28574 28611 28778 28826 28937 29124 29305 29331 29383 29401 29455 29459 30183 30687 30782 30796 30807 30921 30962 31122 31140 31151 31328 31356 31384 31563 31611 31759 31966 32056 32224 32243 32277 32302 32316 32361 32393 32420 32423 32433 32434 32435 32439 32471 32639 32679 32691 32701 32743 32748 32853 32907 32914 32922 32937 33051 33100 33140 33185 33191 33375 33486 33557 33591 33682 33700 33728 33832
18 3922 4104 6549 9219 15709 16715 16754 17007 17408 25621 26503 26910 27778 28204 28390 28526 29071 30244
6 13459 16275 23165 33398 33748 33908
7
12 1914 3813 8806 18277 20856 21784 23673 26480 27937 28143 28614 28759
111 446 900 1742 1929 2571 2718 2734 3288 3380 3670 4939 6139 6488 7135 8396 8482 11625 12596 14617 16523 16887 16966 17112 17139 18052 18918 18932 19518 20193 20466 20687 20704 20758 20990 21903 21922 22408 22501 22505 22506 22509 22512 22521 22767 22918 23064 23136 23160 23209 23211 23213 23215 23216 23217 23218 23222 23226 23227 23229 23230 23233 23236 23240 23242 23312 23314 23315 23316 23318 24719 25278 26384 26825 27019 27026 27027 27030 27202 29423 31253 31558 31864 32106 32379 32763 32995 33058 33394 33426 33428 33434 33441 33448 33452 33462 33504 33627 33628 33666 33807 33865 33936 33952 33963 33965 33968 33969 33971 33978 34062 34082
30 1975 2194 2803 3706 4290 5085 5628 5957 7911 8293 9471 10553 10701 15335 15599 17908 19760 21152 22448 23625 24508 24519 25355 26492 28162 28615 30981 31968 32274 33318
13 6920 9320 19589 21020 22055 25713 26552 27148 28142 29166 29495 29827 30247
11 446 2571 2807 7845 15420 18207 19518 22723 23582 33992 34062
618 24 60 79 191 295 325 327 335 380 517 540 552 595 673 785 815 834 837 906 933 1012 1081 1159 1213 1217 1282 1291 1427 1604 1649 1695 1704 1803 1846 1877 1890 1943 1994 2035 2049 2065 2074 2181 2201 2225 2257 2361 2378 2517 2559 2576 2676 2742 2771 2846 2998 3183 3211 3355 3402 3479 3486 3517 3539 3582 3599 3632 3710 3731 3773 3779 3788 3840 3858 3911 3966 4020 4044 4272 4349 4478 4491 4501 4617 4642 4662 4675 4677 4683 4714 4716 4790 4832 4937 5057 5060 5065 5070 5087 5129 5152 5170 5272 5316 5337 5366 5380 5387 5405 5440 5559 5569 5614 5616 5650 5838 5945 6176 6208 6209 6210 6214 6253 6359 6397 6442 6517 6543 6569 6668 6729 6860 6978 7126 7128 7140 7188 7205 7223 7289 7311 7431 7441 7458 7478 7499 7508 7546 7608 7623 7634 7657 7663 7790 7846 7862 7880 8052 8070 8108 8132 8179 8223 8230 8258 8262 8306 8334 8423 8425 8465 8599 8659 8709 8711 8843 8886 9059 9071 9096 9193 9238 9412 9447 9508 9548 9589 9609 9635 9783 9889 9981 10051 10053 10087 10151 10169 10281 10325 10332 10532 10540 10602 10650 10653 10694 10718 10828 11001 11030 11052 11058 11063 11065 11079 11220 11335 11338 11340 11393 11426 11482 11490 11503 11526 11536 11538 11599 11637 11699 11726 11764 11794 11798 11871 12014 12089 12192 12230 12341 12390 12430 12450 12506 12552 12593 12674 12725 12838 12855 12913 13051 13079 13185 13248 13287 13345 13358 13430 13446 13473 13521 13663 13669 13676 13727 13776 13868 13871 13906 13943 13987 14032 14096 14098 14117 14239 14386 14491 14571 14638 14695 14921 14932 14945 14977 14986 14999 15039 15077 15178 15200 15280 15357 15360 15499 15630 15661 15739 15770 15825 15942 15947 15978 16005 16009 16032 16173 16176 16282 16358 16442 16455 16535 16569 16585 16637 16708 16732 16746 16758 16860 17083 17102 17119 17151 17159 17187 17221 17263 17273 17309 17360 17394 17453 17463 17556 17672 17770 17805 17840 17850 17890 17908 17997 18018 18028 18198 18367 18397 18418 18464 18630 18683 18701 18726 18729 18747 18791 18888 18897 18931 19120 19485 19535 19557 19603 19746 19776 19824 19847 19877 19881 19900 20005 20081 20192 20513 20515 20733 20905 20909 21001 21030 21056 21094 21270 21348 21352 21395 21520 21543 21719 21740 21744 21858 21870 21953 21957 22059 22091 22181 22209 22230 22341 22602 22819 22901 22938 23014 23021 23064 23252 23319 23516 23539 23629 23666 23742 23788 23825 23846 23912 23966 24036 24037 24064 24175 24232 24270 24285 24306 24307 24385 24504 24691 24755 24877 24898 24949 25118 25159 25187 25203 25245 25347 25369 25415 25496 25525 25557 25641 25705 25721 25748 25758 25815 25927 25956 26151 26165 26191 26205 26219 26270 26300 26320 26336 26405 26547 26580 26673 26741 26827 26829 26830 26957 27093 27201 27208 27220 27223 27230 27269 27334 27345 27350 27372 27385 27421 27517 27580 27602 27651 27686 27796 27822 27846 27849 27905 27930 27936 27991 28061 28149 28231 28250 28294 28359 28375 28476 28553 28646 28730 28814 28877 29011 29054 29108 29230 29248 29258 29301 29332 29356 29466 29470 29520 29641 29659 29681 29682 29712 29726 29727 29766 29826 29845 29850 29888 29894 29964 29966 30021 30063 30116 30133 30188 30240 30247 30275 30311 30339 30347 30412 30420 30456 30487 30505 30511 30574 30649 30661 30711 30718 30728 30732 30739 30771 30843 30848 31094 31298 31466 31480 31562 31681 31683 31710 31831 31889 31966 32019 32064 32130 32137 32224 32266 32276 32331 32520 32546 32806 32966 33024 33026 33123 33227 33235 33266 33274 33285 33401 33404 33419 33431 33493 33600 33612 33646 33651 33654 33743 33922 33932 33944 34065 34106
11 5435 8498 19714 21421 25116 25328 26109 31725 32059 32148 32612
