10
5
14 3224 11003 13133 18948 21917 24512 27574 28657 28808 29357 30746 31576 32249 33176
20 423 1943 2157 2587 4639 8331 13462 14665 15102 19161 20379 20497 22379 24561 24953 26471 27251 27426 31107 31979
658 99 108 235 274 349 354 364 381 397 428 508 519 524 561 600 611 637 734 755 768 823 860 888 939 1078 1091 1215 1233 1248 1252 1254 1259 1317 1320 1353 1386 1396 1435 1445 1557 1612 1690 1710 1717 1734 1869 1910 1933 1939 1949 1954 1960 1988 2029 2037 2047 2124 2140 2227 2355 2399 2406 2518 2595 2597 2619 2680 2725 2840 2866 2895 3018 3169 3176 3306 3366 3405 3484 3501 3503 3538 3545 3554 3574 3584 3629 3675 3716 3747 3808 3828 3874 3878 3887 3907 3935 3936 4021 4040 4085 4119 4139 4160 4161 4184 4221 4233 4263 4390 4526 4582 4667 4705 4717 4861 4903 4937 4980 5033 5048 5055 5067 5080 5166 5183 5188 5202 5210 5214 5229 5255 5293 5297 5331 5382 5589 5650 5664 5759 5776 5867 5890 5919 6058 6111 6116 6175 6259 6264 6302 6403 6405 6537 6643 6694 6703 6753 6827 6959 7019 7129 7143 7152 7157 7214 7215 7225 7308 7313 7322 7326 7369 7375 7395 7411 7432 7454 7483 7561 7609 7641 7649 7654 7675 7676 7727 7804 7827 7839 7856 8043 8193 8250 8386 8421 8422 8462 8469 8483 8522 8585 8616 8632 8652 8685 8704 8710 8713 8816 8869 8882 8918 8950 9071 9104 9218 9227 9240 9294 9417 9426 9506 9540 9584 9625 9705 9743 9835 9899 9936 9975 10064 10207 10256 10258 10276 10353 10414 10474 10493 10527 10550 10598 10681 10730 10841 10845 11027 11087 11136 11152 11165 11353 11391 11420 11438 11518 11660 11843 11854 11958 11974 11981 12005 12141 12143 12184 12399 12452 12459 12485 12561 12582 12686 12691 12812 12821 12881 12983 13009 13057 13154 13180 13209 13337 13466 13588 13694 13708 13715 13750 13763 13783 13864 13885 13916 13926 14024 14067 14133 14182 14215 14224 14244 14268 14324 14331 14333 14360 14375 14397 14566 14581 14662 14666 14692 14696 14703 14716 14824 14866 14942 15000 15003 15079 15099 15203 15292 15326 15343 15502 15550 15702 15747 15870 15960 16024 16172 16339 16396 16423 16433 16538 16569 16600 16606 16688 16717 16726 16874 16882 16891 17151 17156 17181 17194 17374 17471 17540 17543 17557 17564 17567 17621 17694 17726 17735 17748 17753 17772 17852 17893 17899 17964 17969 18054 18089 18101 18102 18131 18262 18313 18429 18494 18519 18539 18566 18649 18658 18797 18821 18836 18842 18852 18867 18872 18881 18890 18893 18916 18931 18955 18967 19022 19036 19041 19058 19068 19206 19209 19245 19315 19356 19379 19396 19410 19525 19544 19552 19601 19608 19647 19656 19667 19684 19714 19722 19750 19971 20065 20133 20175 20195 20228 20243 20246 20247 20249 20277 20351 20393 20521 20524 20525 20551 20574 20600 20655 20661 20682 20698 20764 20771 20817 20836 20856 20863 20906 20943 21039 21069 21083 21149 21159 21259 21266 21289 21295 21339 21392 21434 21481 21522 21562 21573 21612 21657 21718 21724 21805 21822 21830 21846 21884 22041 22232 22286 22358 22409 22487 22496 22581 22582 22594 22601 22621 22655 22775 22828 22949 23090 23135 23144 23153 23154 23196 23273 23439 23448 23541 23548 23623 23706 24033 24059 24182 24210 24302 24315 24369 24467 24705 24790 24826 25072 25155 25158 25253 25261 25429 25546 25575 25579 25615 25771 25802 25848 26042 26044 26504 26919 26941 27057 27168 27249 27253 27285 27293 27324 27348 27351 27378 27428 27455 27499 27512 27514 27571 27606 27689 27724 27745 27825 27908 27942 27962 28051 28067 28247 28309 28312 28328 28351 28404 28410 28498 28562 28627 28645 28652 28706 28847 28853 28930 28938 28988 29025 29042 29051 29076 29143 29180 29221 29350 29380 29402 29527 29633 29703 29735 29834 29914 30040 30069 30234 30255 30306 30327 30495 30606 30631 30646 30676 30724 30806 31053 31063 31373 31513 31516 31546 31644 31646 31654 31659 31664 31709 31720 31728 31731 31734 31737 31748 31794 31816 31832 31850 31893 32003 32012 32113 32289 32304 32343 32359 32366 32422 32522 32566 32663 32730 32915 33059 33145 33402 33583 33735 33983
23 368 697 837 861 1091 1219 1381 1741 2000 3271 3513 3648 3790 3914 4131 4160 4999 5287 6576 6791 8395 8939 13880
19 383 1285 2635 2858 7525 7652 7718 8725 9148 10047 11911 13343 19401 21668 22245 23030 23813 29250 33085
5
5 11526 19462 28469 29079 32006
27 1778 4328 5851 7359 7389 9887 11289 11350 13191 13253 15018 15575 15830 18655 20579 21141 21927 22182 22461 23042 23071 23149 23252 30310 30402 30570 31470
5 5733 10789 14849 22759 29869
9 11066 12979 12985 20228 22048 26758 27499 27950 29499
83 176 267 520 721 845 960 968 1094 1126 1160 1460 1647 1749 1949 1991 2145 2360 2374 2463 2563 2570 2912 3364 3908 4120 4228 5680 5747 5800 5902 6768 7038 7286 8503 8669 8869 8984 10054 11487 11539 11641 11741 12927 13864 14128 15137 15192 15250 16782 17185 17540 18868 19450 19545 20459 22253 22465 23202 23633 23697 24131 26615 27271 27273 27420 27804 27883 27913 28331 28540 29337 29542 29544 30458 30872 31523 31576 31600 31664 32304 32361 32531 32566
5
315 34 287 304 405 436 451 477 564 671 839 854 873 945 1173 1375 1453 2291 2447 2462 2535 2582 2652 2954 3299 3347 3390 3598 3623 3814 4023 4231 4283 4310 4334 4561 4752 4951 5365 5488 5497 5518 5695 5698 6013 6076 6145 6187 6367 6589 6639 6849 6872 7083 7085 7245 7387 7451 7497 7663 7695 7785 7812 7834 8316 8337 8370 8493 8686 8870 8958 9024 9077 9111 9152 9225 9248 9268 9514 10061 10234 10428 10605 10842 10848 10849 11062 11096 11121 11318 11552 11783 11804 12000 12252 12385 12521 12545 12724 12803 12818 12842 13162 13218 13324 13363 13394 13553 13784 13932 14000 14217 14391 14419 14428 14451 14501 14517 14548 14700 14740 14918 14944 15200 15210 15239 15338 15463 15472 15698 15842 15890 15911 16021 16115 16249 16279 16295 16318 16324 16552 16579 16632 16821 16834 16875 16886 16900 17000 17051 17207 17236 17266 17359 17377 17462 17463 17467 17468 17872 17920 17962 18038 18098 18152 18281 18300 18349 18443 18478 18557 18577 18588 18608 18628 18630 18656 18805 18810 18937 18986 19100 19115 19140 19155 19165 19185 19222 19224 19236 19246 19249 19320 19322 19347 19349 19383 19398 19399 19416 19622 19708 19772 19809 19886 19935 20011 20093 20139 20250 20314 20327 20478 20506 20560 20564 20565 20570 20617 20652 20656 20658 20677 20711 20722 20772 21039 21075 21089 21226 21301 21320 21337 21388 21393 21410 21495 21594 21596 21668 21724 21860 21867 21869 21904 21913 21919 21920 22194 22262 22317 22328 22343 22351 22597 22623 22769 22772 22791 22903 22957 22958 22960 22968 22969 23009 23041 23048 23057 23116 23148 23223 23241 23305 23377 23467 23470 24620 25133 25315 25331 25649 25666 26076 26098 26170 26774 26828 27134 30326 31396 32127 32442 32551 32591 32664 32703 32751 32807 33085 33089 33091 33174 33257 33325 33425 33434 33440 33467 33478 33535 33623 33698 33784 33948 34017
373 154 182 294 400 438 561 624 636 834 1380 1409 1611 1644 1757 1839 1974 2056 2077 2308 2349 2379 2446 2473 2494 2569 2603 2639 2658 2764 2785 2884 2904 3011 3076 3197 3250 3258 3400 3414 3502 3537 3635 3745 3759 3802 3821 3896 3944 3954 4048 4103 4127 4147 4230 4264 4304 4307 4320 4344 4386 4477 4567 4630 4637 4678 4750 4780 4788 4914 4931 5019 5037 5359 5378 5568 5607 5653 5692 5719 5729 5797 5866 6132 6147 6176 6339 6352 6447 6842 6911 7045 7182 7220 7392 7404 7572 7735 7858 7886 7889 7905 7993 7997 8009 8182 8265 8295 8349 8368 8409 8445 8480 8488 8541 8557 8613 8636 8700 8998 9124 9221 9335 9379 9485 9567 9633 9736 9795 9878 9896 9927 9943 9976 10101 10142 10451 10589 10616 10621 10648 10676 10696 10760 10868 10926 10935 10939 10946 10961 11011 11042 11128 11145 11150 11235 11245 11267 11312 11328 11349 11415 11638 11861 11888 11907 11966 11985 12019 12069 12206 12243 12283 12369 12421 12426 12449 12761 12796 12934 12946 12954 13030 13046 13076 13130 13208 13320 13368 13568 13573 13633 13991 14216 14255 14257 14278 14282 14361 14655 14703 14776 14784 14956 15174 15293 15341 15735 16105 16308 16330 16375 16379 16405 16447 16537 16558 16560 16568 16677 16704 16906 16973 17038 17071 17194 17319 17321 17414 17480 17684 17689 17846 18011 18457 18476 18526 18569 18594 18626 18682 18721 18753 18782 18790 18826 18943 18959 18968 19010 19078 19132 19253 19255 19338 19357 19371 19374 19612 19625 19985 20022 20121 20317 20335 20361 20742 20764 20884 20968 20975 21001 21081 21259 21839 21897 22153 22207 22270 22288 22632 22807 22963 23076 23202 23764 23770 23812 23821 23954 24149 24222 24235 24252 24355 24378 24447 24756 24956 25131 25187 25290 25317 25434 25605 25818 25875 25932 26272 27043 27046 27302 27817 27880 28209 28342 28536 28636 29282 29335 29442 29622 29655 29929 30073 30235 30359 30477 30506 30611 30765 30962 31130 31155 31539 31554 31573 31574 31579 31631 31673 31674 31755 31756 31761 31789 31929 31957 31978 32091 32124 32132 32139 32216 32279 32324 32339 32345 32395 32430 32456 32491 32585 32592 32598 32645 32743 32882 32975 33036 33108 33205 33418 33668
125 77 1553 1806 2380 2612 2778 2873 3565 3996 4321 4541 4587 7245 8269 8289 8324 8411 9181 10306 10439 10563 10576 10840 11212 11399 11590 11674 11924 12099 12104 12573 13120 13178 13195 13200 13326 13843 14448 14592 14692 15148 15191 15374 15473 15610 15696 15738 16169 16587 16685 16866 16900 17028 17720 18515 18790 18843 19022 19112 19440 19641 19799 19840 20221 20250 20312 20356 20489 20502 21442 21682 21721 21879 22101 22166 22256 22326 22327 22342 22379 23079 23118 23379 23469 23508 23549 23733 24129 24379 25281 25499 25635 26041 26194 26393 26497 26609 26840 26984 26998 27009 27068 29119 29156 29370 29564 30093 30117 30145 30188 30517 30684 31013 31399 32499 33198 33404 33498 33509 33533 33577 33633 33661 33821 33824
1096 27 39 51 53 144 166 229 261 265 277 283 313 352 381 386 402 431 443 528 529 559 589 622 627 634 649 668 671 721 825 848 859 907 950 964 971 976 985 1037 1054 1060 1067 1122 1133 1243 1265 1331 1347 1504 1564 1628 1672 1678 1685 1738 1743 1761 1784 1786 1792 1793 1811 1818 1851 1893 1919 2005 2009 2021 2032 2057 2131 2142 2154 2170 2201 2205 2287 2322 2382 2397 2410 2426 2471 2503 2517 2641 2658 2667 2712 2729 2765 2840 2919 2930 2934 2993 3012 3016 3025 3033 3042 3060 3087 3119 3132 3143 3161 3165 3235 3254 3278 3290 3363 3404 3436 3506 3509 3520 3628 3654 3677 3691 3702 3708 3711 3736 3758 3761 3869 3872 3897 3925 3945 3991 4003 4053 4127 4129 4166 4207 4215 4220 4276 4315 4347 4348 4375 4400 4406 4416 4485 4491 4501 4508 4511 4513 4515 4527 4615 4633 4648 4688 4746 4788 4809 4810 4831 4905 4910 4966 5032 5049 5058 5086 5096 5098 5106 5112 5130 5138 5160 5191 5207 5209 5232 5267 5285 5326 5369 5388 5393 5403 5444 5464 5465 5489 5495 5510 5518 5542 5565 5607 5630 5659 5663 5683 5700 5726 5819 5897 5917 5926 5933 5943 5985 5991 6004 6008 6025 6084 6104 6179 6180 6192 6198 6206 6221 6248 6316 6357 6359 6416 6444 6454 6495 6555 6604 6629 6667 6674 6710 6722 6726 6750 6852 6871 6882 6961 6962 6976 6979 6984 7078 7084 7139 7152 7263 7269 7284 7313 7341 7370 7380 7452 7475 7506 7538 7550 7567 7682 7703 7773 7778 7818 7828 7844 7855 7856 7870 7893 8038 8096 8107 8228 8231 8284 8310 8448 8482 8548 8575 8589 8636 8639 8650 8672 8848 8852 8874 8886 8900 8932 8946 9004 9015 9022 9026 9056 9064 9081 9091 9113 9159 9169 9251 9275 9325 9365 9407 9518 9584 9600 9603 9626 9650 9698 9707 9715 9735 9740 9751 9791 9831 9838 9843 9878 9917 9947 10025 10026 10053 10110 10128 10200 10291 10337 10352 10364 10404 10446 10494 10532 10543 10558 10624 10632 10826 10836 10839 10842 10897 10948 10983 11073 11095 11168 11323 11326 11328 11335 11338 11350 11399 11403 11414 11432 11490 11526 11597 11628 11672 11682 11749 11794 11838 11842 11869 11970 11989 12010 12106 12113 12164 12179 12183 12207 12283 12339 12350 12358 12359 12386 12406 12408 12413 12547 12568 12576 12604 12610 12632 12670 12692 12722 12737 12766 12831 12843 12860 12874 12878 12892 12901 12966 13005 13033 13045 13052 13102 13109 13198 13207 13231 13285 13293 13294 13310 13322 13332 13346 13369 13384 13406 13439 13523 13535 13537 13558 13625 13632 13664 13673 13747 13763 13805 13815 13857 13864 13906 13947 13969 14004 14029 14038 14115 14125 14152 14206 14264 14325 14370 14383 14421 14433 14440 14445 14465 14466 14481 14493 14508 14557 14559 14583 14638 14696 14698 14710 14738 14750 14771 14781 14812 14822 14851 14880 14900 14901 14910 14998 15006 15044 15081 15139 15161 15327 15397 15407 15411 15464 15473 15500 15536 15598 15605 15607 15620 15671 15684 15717 15746 15760 15764 16006 16033 16043 16048 16078 16124 16130 16144 16178 16222 16230 16270 16377 16450 16454 16507 16564 16571 16607 16625 16728 16755 16777 16799 16810 16837 16861 16873 16910 16997 17009 17024 17034 17067 17077 17090 17100 17102 17145 17150 17165 17242 17267 17324 17341 17368 17397 17440 17447 17454 17465 17491 17493 17553 17560 17564 17578 17586 17587 17588 17627 17643 17656 17658 17660 17700 17734 17758 17785 17833 17886 17981 18086 18096 18130 18140 18150 18151 18162 18227 18309 18317 18386 18405 18451 18464 18481 18487 18579 18581 18595 18622 18635 18640 18673 18676 18690 18707 18715 18723 18732 18770 18847 18858 18868 18990 19053 19105 19106 19124 19128 19159 19164 19181 19204 19210 19211 19223 19234 19269 19272 19322 19358 19363 19374 19377 19395 19399 19403 19409 19442 19462 19468 19469 19473 19549 19552 19579 19587 19611 19620 19678 19690 19722 19727 19731 19736 19769 19799 19823 19831 19843 19849 19877 19901 19909 20043 20045 20047 20133 20143 20147 20154 20177 20189 20209 20351 20391 20408 20416 20452 20460 20466 20514 20568 20577 20587 20601 20610 20666 20687 20803 20808 20849 20854 21055 21057 21061 21066 21070 21072 21077 21093 21118 21128 21161 21231 21254 21307 21315 21336 21374 21403 21412 21439 21441 21445 21459 21464 21487 21489 21641 21653 21780 21781 21791 21819 21822 21842 21850 21936 21943 21948 21992 22003 22057 22093 22170 22180 22193 22250 22259 22271 22291 22305 22306 22323 22354 22360 22375 22486 22493 22507 22538 22543 22578 22594 22595 22741 22772 22843 22848 22871 22900 22930 23021 23069 23092 23169 23177 23193 23286 23294 23298 23333 23337 23343 23368 23421 23434 23444 23447 23473 23489 23507 23528 23638 23649 23717 23799 23803 23821 23839 23881 23915 23918 23927 23975 23984 24000 24055 24105 24110 24178 24180 24194 24226 24303 24319 24380 24397 24410 24414 24462 24482 24484 24496 24502 24514 24516 24519 24522 24529 24552 24580 24606 24639 24711 24730 24736 24758 24815 24856 24882 24932 24944 24968 25025 25154 25155 25198 25213 25312 25395 25416 25455 25488 25495 25507 25514 25609 25620 25695 25805 25812 25813 25823 25860 25895 25932 25945 25957 25958 26001 26056 26108 26125 26233 26300 26409 26427 26438 26458 26459 26515 26538 26571 26572 26602 26703 26725 26736 26875 27005 27007 27125 27182 27187 27281 27287 27343 27349 27407 27411 27446 27467 27517 27525 27527 27592 27635 27699 27706 27711 27721 27761 27824 27831 27875 27877 27962 27974 27977 28045 28061 28075 28097 28098 28109 28154 28241 28340 28373 28374 28384 28394 28424 28441 28500 28536 28582 28604 28605 28629 28697 28731 28757 28763 28764 28811 28874 28876 28891 28926 28941 28945 28964 29187 29193 29238 29364 29480 29482 29585 29609 29652 29669 29683 29781 29817 29824 29909 29935 29951 29986 30065 30114 30145 30169 30177 30190 30277 30308 30334 30385 30399 30494 30538 30551 30565 30593 30738 30746 30764 30917 30945 31073 31259 31418 31474 31540 31595 31600 31623 31653 31657 31665 31671 31763 31806 31830 31850 31851 31868 31934 31951 32019 32028 32049 32057 32067 32091 32098 32255 32262 32263 32289 32301 32318 32325 32328 32331 32335 32342 32344 32378 32389 32430 32465 32495 32499 32514 32525 32546 32576 32592 32703 32745 32748 32785 32787 32793 32798 32817 32819 32845 32859 32915 32966 33005 33006 33020 33035 33045 33085 33091 33139 33184 33208 33213 33251 33333 33394 33531 33543 33567 33584 33588 33651 33663 33707 33735 33743 33750 33786 33800 33922 34012 34013 34021 34045 34074
11 4293 9671 10245 14456 16898 18876 23454 30236 32391 32968 33856
5
86 367 907 1020 1184 1871 2080 2375 3167 3285 3420 4106 4235 4575 4820 5739 5818 6339 6633 7403 8116 8355 8501 9554 9882 10122 10128 10674 10817 10889 11194 12361 13684 13872 14234 14400 14548 14564 14641 14753 15398 15589 15606 16817 17054 17129 17286 17310 20303 23061 23867 24132 24851 25152 25427 25611 26358 27314 27815 27953 28303 28311 28689 29074 29091 29461 29498 29532 29619 29712 29721 29736 29906 29936 29954 29974 30002 30019 30038 30107 30257 30763 31535 32307 32963 33229 33472
27 1341 1376 2875 3679 4448 13235 15587 17425 17489 17907 18126 18134 18307 23742 23748 23758 26128 26936 28461 29633 30657 30682 31511 31536 31691 32077 32216
39 888 901 1032 1069 2782 5045 5080 6558 8746 9659 9787 10372 11373 15747 16654 16678 17917 18895 19515 19608 20284 20611 20856 21685 23813 24866 25994 26254 26342 28174 28646 28862 29296 29582 29987 30168 31545 32370 33784
24 6713 7570 8188 15006 15679 16029 16402 16661 17314 17788 18332 19941 20970 22072 24569 26198 29786 29787 30078 30181 31401 32572 32657 33230
1239 10 45 49 65 67 93 130 133 202 224 246 281 318 333 348 353 406 420 446 483 539 573 601 607 610 611 616 644 650 667 672 689 694 760 783 807 812 889 910 940 1050 1056 1102 1147 1181 1204 1245 1258 1328 1341 1355 1366 1412 1444 1462 1488 1552 1648 1729 1798 1812 1927 1949 1998 2007 2016 2068 2105 2106 2136 2169 2212 2223 2252 2284 2299 2317 2320 2324 2350 2370 2398 2449 2555 2563 2577 2626 2628 2630 2643 2683 2705 2731 2774 2777 2788 2827 2839 2922 2956 2974 2999 3018 3044 3045 3059 3103 3140 3157 3178 3194 3216 3226 3232 3249 3286 3300 3316 3332 3384 3401 3429 3437 3460 3489 3542 3553 3556 3562 3652 3686 3699 3725 3734 3748 3782 3828 3839 3910 3919 4008 4010 4011 4026 4028 4031 4112 4171 4177 4186 4201 4204 4210 4284 4299 4300 4321 4346 4350 4518 4563 4596 4635 4641 4659 4685 4698 4741 4754 4792 4812 4824 4836 4842 4889 4928 4951 4976 5014 5016 5063 5078 5104 5119 5148 5199 5204 5282 5319 5353 5360 5372 5379 5392 5402 5416 5498 5519 5579 5598 5621 5722 5807 5809 5811 5837 5888 5895 5915 5927 5976 5984 5988 6088 6153 6197 6310 6332 6382 6448 6450 6497 6540 6605 6635 6672 6685 6733 6742 6752 6788 6797 6805 6838 6851 6930 6954 6970 7025 7055 7121 7161 7196 7273 7400 7426 7443 7487 7493 7510 7607 7636 7665 7676 7678 7699 7707 7810 7874 7888 7896 7919 7944 8011 8032 8063 8066 8068 8088 8134 8167 8184 8197 8249 8251 8253 8256 8363 8380 8387 8393 8407 8430 8536 8572 8584 8614 8630 8652 8660 8664 8677 8735 8741 8811 8824 8842 8855 8865 8904 8917 8926 8963 8991 9003 9011 9028 9035 9060 9063 9089 9130 9163 9311 9340 9357 9598 9605 9633 9642 9671 9702 9704 9706 9743 9797 9813 9827 9866 9873 9907 9950 9958 9989 9994 10032 10033 10083 10106 10109 10122 10156 10168 10182 10218 10220 10241 10278 10319 10323 10328 10548 10559 10565 10568 10596 10620 10700 10712 10734 10741 10742 10827 10852 10922 10990 11031 11035 11096 11115 11120 11171 11216 11231 11237 11258 11298 11322 11331 11406 11413 11435 11442 11444 11464 11481 11502 11506 11594 11603 11605 11607 11622 11676 11728 11729 11761 11779 11792 11834 11897 11930 11931 11937 11938 11957 11959 11968 11981 11995 12053 12114 12162 12242 12275 12284 12296 12320 12321 12333 12340 12367 12465 12503 12519 12521 12592 12609 12682 12726 12735 12779 12784 12815 12896 12940 12950 12968 12972 13004 13031 13061 13064 13133 13135 13142 13338 13351 13383 13422 13438 13466 13478 13484 13514 13515 13553 13573 13583 13591 13597 13601 13643 13686 13695 13712 13752 13753 13790 13817 13824 13825 13986 13992 13995 13999 14043 14052 14060 14089 14107 14182 14193 14213 14281 14290 14296 14302 14311 14354 14355 14360 14394 14395 14402 14404 14420 14443 14456 14470 14541 14556 14586 14606 14678 14687 14702 14708 14719 14721 14761 14776 14806 14908 14920 14978 14981 14984 14985 14993 15047 15057 15060 15097 15103 15120 15143 15177 15196 15216 15230 15245 15250 15271 15276 15278 15299 15318 15385 15452 15461 15470 15524 15563 15599 15610 15655 15657 15670 15673 15749 15833 15861 15863 15864 15900 15941 16038 16100 16139 16149 16172 16202 16204 16215 16220 16226 16234 16246 16330 16351 16369 16390 16397 16427 16439 16466 16481 16528 16575 16595 16599 16605 16614 16615 16686 16702 16716 16723 16724 16743 16752 16761 16865 16892 16931 16949 16955 16989 16994 17107 17121 17155 17223 17231 17233 17238 17255 17268 17281 17328 17329 17333 17345 17347 17364 17408 17409 17429 17430 17470 17475 17515 17565 17576 17626 17675 17729 17753 17765 17798 17816 17826 17879 17888 17922 17948 17976 17984 18002 18030 18050 18082 18112 18145 18161 18195 18196 18249 18256 18278 18314 18344 18359 18383 18452 18483 18495 18505 18547 18550 18553 18576 18585 18621 18659 18668 18684 18687 18712 18734 18772 18790 18822 18862 18894 18979 19021 19051 19078 19099 19114 19130 19165 19177 19187 19197 19199 19217 19267 19290 19348 19350 19410 19435 19512 19533 19560 19567 19582 19585 19639 19649 19699 19743 19745 19754 19765 19780 19803 19856 19873 19890 19892 19971 20016 20064 20104 20106 20121 20123 20149 20153 20273 20293 20297 20304 20315 20318 20325 20326 20371 20385 20417 20428 20457 20459 20474 20505 20527 20578 20606 20674 20685 20742 20749 20756 20807 20813 20842 20858 20861 20900 20917 20977 20978 20999 21005 21011 21114 21117 21210 21244 21277 21326 21353 21369 21388 21457 21471 21475 21522 21525 21599 21600 21623 21631 21680 21692 21748 21752 21876 21877 21917 21928 21942 21954 21960 21970 22010 22027 22073 22084 22097 22112 22126 22162 22201 22223 22275 22311 22363 22429 22434 22442 22544 22550 22557 22570 22639 22659 22781 22808 22810 22829 22850 22892 22897 22907 22932 22960 22970 22982 22990 23000 23044 23065 23075 23127 23209 23239 23257 23285 23297 23334 23356 23360 23371 23404 23412 23415 23442 23501 23541 23565 23569 23584 23623 23662 23726 23741 23767 23771 23794 23804 23807 23811 23840 23900 23907 23954 23985 24029 24034 24067 24124 24144 24176 24188 24193 24219 24222 24250 24265 24275 24279 24282 24333 24340 24346 24347 24377 24383 24426 24439 24500 24630 24660 24671 24674 24699 24713 24715 24761 24844 24904 24914 24982 25002 25007 25013 25015 25070 25089 25100 25112 25119 25141 25168 25182 25186 25199 25209 25255 25266 25302 25351 25433 25476 25577 25586 25632 25659 25693 25764 25787 25792 25818 25822 25842 25868 25873 25905 25917 25989 26034 26063 26082 26189 26193 26197 26200 26208 26248 26273 26297 26362 26429 26455 26473 26528 26543 26560 26564 26598 26614 26620 26648 26669 26698 26717 26722 26744 26754 26765 26767 26776 26813 26815 26818 26892 26894 26901 26943 27006 27021 27049 27108 27109 27143 27152 27244 27259 27279 27288 27307 27373 27394 27412 27437 27453 27562 27585 27639 27641 27668 27682 27695 27771 27867 27918 27951 27956 28018 28108 28240 28256 28257 28272 28280 28282 28405 28416 28458 28475 28478 28506 28511 28524 28560 28580 28647 28667 28672 28711 28722 28725 28765 28788 28796 28823 28825 28829 28840 28843 28886 28913 28939 28944 29015 29091 29107 29182 29208 29231 29252 29255 29274 29294 29383 29422 29445 29504 29561 29566 29597 29692 29705 29709 29742 29761 29779 29813 29821 29830 29896 29898 29942 29965 29989 30045 30103 30123 30125 30219 30300 30425 30430 30463 30464 30493 30560 30584 30744 30874 30880 30901 30941 30992 31030 31043 31057 31090 31110 31146 31242 31247 31307 31397 31403 31407 31452 31455 31456 31468 31475 31531 31558 31579 31615 31659 31666 31680 31696 31722 31745 31814 31886 31949 31959 31967 31976 32004 32006 32007 32013 32062 32072 32073 32095 32133 32139 32161 32164 32176 32178 32182 32246 32280 32287 32291 32302 32303 32317 32323 32349 32379 32380 32390 32395 32445 32458 32475 32530 32554 32636 32670 32673 32678 32687 32700 32762 32767 32773 32792 32818 32824 32853 32888 32909 32911 32918 32930 32935 32944 32955 32967 32971 32990 33023 33063 33067 33072 33076 33092 33113 33116 33126 33212 33233 33240 33275 33301 33351 33363 33392 33441 33468 33472 33473 33480 33487 33501 33505 33527 33581 33589 33627 33642 33647 33649 33665 33674 33675 33686 33689 33695 33701 33710 33739 33790 33812 33820 33841 33859 33863 33877 33930 33936 33955 34006 34010 34031 34033 34052 34056 34081 34086 34101
5
45 1144 1288 4787 5265 6798 8048 8721 9332 9383 9652 10729 10938 12746 16269 16310 16531 16668 19676 20541 20873 22377 23518 25509 25778 28268 28459 28876 29417 29452 29483 29703 30202 30209 30277 30301 30360 30374 30407 30408 30418 30524 30531 30568 34074 34109
18 3523 5321 6838 7193 10011 11404 14456 18037 18331 18376 19880 20325 21151 21634 21896 22716 33028 33606
188 29 290 304 462 572 706 713 822 854 991 1673 1786 2071 2418 2587 2764 2845 2939 3156 3992 3997 4180 4516 4635 4748 4818 6101 6462 6496 6639 6872 7044 7066 7476 7734 7783 8278 8466 8899 9049 9256 9345 9571 9773 10249 10353 10704 10716 10790 10849 10948 11014 11024 11075 11085 11169 11171 11308 11523 12548 12764 12771 12841 12938 13002 13021 13032 13230 13318 13464 13612 13925 14461 14529 14605 14704 14798 14924 15230 15466 15671 15697 15711 15917 16210 16235 16644 16899 16976 17435 17613 17834 17993 18348 18591 18616 18630 18934 18937 18985 18986 19479 20039 20072 20122 20276 20314 20348 20367 20463 20588 20612 20617 20719 20725 20804 20833 20915 20947 20959 21022 21138 21308 21331 21337 21346 21361 21605 21704 21726 21748 21765 21776 21973 22127 22150 22159 22552 22584 22722 22743 22819 22827 22829 22900 22908 23017 23026 23329 23334 23365 23371 23460 23533 23610 24535 24560 25436 25551 25759 25761 25876 26219 26392 26438 26604 27112 28799 30003 30686 31227 32048 32063 32214 32604 32636 32854 32888 33152 33516 33611 33825 33826 33905 33942 33990 34039 34091
15 15 2321 3579 13027 13463 14127 14947 16369 19023 20705 23639 26726 28694 30126 33704
14 223 1653 4765 6909 7143 8890 10690 11977 13101 14799 16553 20372 20856 25889
5
25 4400 6342 7599 8978 9390 9613 9903 11209 14083 14207 14418 17428 17502 17935 19054 19191 19731 20324 20806 23757 24578 25512 30749 30912 31260
16 273 6052 9660 10695 13204 13399 13639 14992 15590 25034 25525 26303 28879 30275 31308 33422
18 1446 3980 3994 5043 5516 8347 11901 20320 23848 23866 24399 24552 24699 24898 25534 29929 30623 30793
6 18548 20844 24146 28691 28966 29642
18 3425 3944 4427 6161 6447 6571 11810 12101 14135 20535 20616 21440 24724 24971 25774 28016 29266 29735
5
35 625 633 1515 2673 2798 3100 3307 4120 5273 6402 6612 7064 7895 8194 8298 8483 9556 9653 10087 10309 10562 11262 11840 14779 14882 15151 15302 15882 15900 16059 16137 16185 16198 16247 16290
7 336 2772 3060 12518 27198 27234 34117
38 330 822 1306 1704 2548 4742 6709 7084 7411 7740 8209 9889 10988 11917 12130 12939 13452 14849 15761 16152 16339 17531 17801 18001 18616 18837 20529 20530 21022 21031 23053 23330 25705 26321 26732 27164 30538 31311
7 538 3575 13059 14528 33209 33652 33691
145 63 145 191 389 563 575 656 678 739 863 888 1040 1211 1231 1376 1416 1736 2002 2033 2098 2124 2188 2197 2198 2366 2372 2630 2635 2840 2913 3249 3757 3762 3963 3994 4054 4262 4396 4476 4744 6153 6186 6357 7063 7196 7327 7500 7550 7583 8158 8185 8723 8783 9205 9326 9590 9592 9785 10382 11040 13235 13277 14063 15702 15787 16719 16766 16911 16978 17260 17285 17311 17806 17815 17824 18009 18134 18195 18213 18244 18680 18759 19688 20272 20443 22367 22416 22535 23013 23067 23256 23335 23762 23769 23777 23787 23859 23961 23979 23985 24037 24286 24820 24925 25242 25326 25946 25975 26130 26632 27060 27067 27250 27358 27531 27593 27675 27723 27777 27881 27902 27919 27934 28053 28075 28127 28174 28333 28334 28346 28582 28728 28745 28908 28933 30637 30650 30654 30663 30694 30696 30726 30758 30870 31287
5
16 2601 4085 5518 8788 11296 14798 19249 19399 20636 21485 21661 22136 25160 32888 34016 34103
11 3057 5381 9246 16278 24730 25458 28961 29654 29817 30268 32663
51 807 957 1311 1386 3942 4026 4234 4581 4582 4675 5601 6125 6380 6518 6749 7294 8576 8817 11250 11456 11865 12676 13179 13711 16243 17144 18221 18582 19652 19653 19762 20595 24107 24265 25328 25834 26564 27291 27593 27693 27911 28071 28901 28977 28998 29317 29391 29594 31596 32055 32154
12 1914 3813 8806 18277 20856 21784 23673 26480 27937 28143 28614 28759
9 7769 12104 15862 20765 24761 26738 29156 30103 32074
5
8 4255 4530 15391 16552 17480 19330 30401 32849
6 3667 7059 15685 16141 21094 23347
3602 10 24 42 53 60 67 69 77 79 87 97 109 114 119 123 124 147 167 194 195 204 210 218 223 226 243 245 250 256 259 269 278 288 297 298 301 310 315 325 342 347 349 350 354 358 360 367 373 382 388 397 398 400 420 426 428 452 456 463 475 480 490 539 542 549 559 571 597 621 639 647 660 665 672 677 679 684 696 699 712 722 724 727 728 737 760 768 769 790 796 806 811 831 834 840 848 857 863 882 884 887 893 894 896 905 914 930 937 944 952 980 984 1006 1021 1024 1026 1028 1037 1046 1052 1056 1066 1089 1114 1116 1122 1129 1136 1137 1141 1146 1147 1148 1150 1155 1156 1162 1175 1177 1190 1205 1207 1211 1212 1238 1248 1261 1272 1277 1285 1287 1290 1291 1293 1301 1315 1340 1346 1350 1355 1365 1367 1378 1424 1428 1446 1450 1459 1462 1472 1480 1490 1493 1502 1503 1505 1519 1527 1528 1545 1548 1563 1580 1584 1592 1596 1614 1615 1625 1627 1632 1640 1650 1660 1663 1664 1668 1675 1694 1700 1716 1719 1724 1742 1762 1774 1786 1792 1796 1813 1815 1821 1823 1828 1837 1843 1847 1853 1855 1862 1878 1880 1884 1906 1923 1925 1935 1939 1941 1950 1951 1953 1957 1958 1966 1984 1989 2006 2017 2022 2029 2032 2046 2047 2050 2061 2079 2081 2086 2090 2107 2115 2116 2120 2165 2180 2185 2186 2199 2208 2210 2217 2236 2237 2271 2275 2301 2309 2310 2329 2338 2343 2360 2362 2364 2365 2369 2375 2378 2389 2413 2442 2443 2445 2466 2472 2474 2509 2519 2536 2538 2541 2550 2558 2564 2568 2586 2588 2591 2597 2607 2620 2644 2658 2686 2708 2715 2719 2752 2755 2773 2775 2794 2797 2809 2814 2818 2853 2856 2858 2869 2873 2883 2887 2890 2903 2911 2928 2941 2949 2956 2965 2972 2974 2975 2979 3004 3006 3013 3016 3020 3032 3048 3050 3106 3119 3122 3129 3134 3137 3139 3142 3143 3167 3172 3177 3182 3187 3206 3208 3225 3237 3240 3248 3250 3251 3252 3255 3256 3289 3300 3302 3304 3314 3323 3327 3339 3350 3356 3387 3389 3412 3416 3418 3431 3442 3450 3457 3473 3484 3487 3495 3547 3555 3556 3558 3559 3561 3564 3579 3581 3583 3588 3596 3619 3620 3625 3639 3643 3650 3674 3681 3713 3718 3719 3720 3723 3728 3738 3739 3742 3748 3751 3756 3764 3770 3781 3796 3798 3802 3808 3847 3878 3901 3915 3919 3926 3944 3959 3972 3984 3985 3991 3999 4016 4040 4067 4075 4094 4105 4106 4109 4111 4123 4138 4142 4154 4184 4186 4219 4225 4234 4237 4238 4240 4242 4243 4258 4263 4268 4284 4296 4303 4308 4312 4334 4335 4338 4360 4365 4374 4375 4377 4389 4392 4394 4396 4434 4435 4442 4449 4452 4453 4462 4471 4482 4503 4518 4540 4546 4553 4578 4590 4594 4595 4599 4608 4627 4628 4632 4635 4650 4654 4668 4670 4681 4690 4695 4699 4701 4703 4704 4709 4712 4713 4715 4720 4724 4727 4749 4753 4759 4770 4775 4794 4795 4812 4821 4822 4825 4831 4832 4853 4874 4884 4890 4905 4910 4916 4932 4940 4945 4946 4948 4957 4968 5010 5013 5022 5023 5029 5038 5045 5061 5064 5072 5076 5080 5082 5083 5094 5095 5117 5128 5132 5154 5162 5173 5181 5187 5207 5211 5217 5226 5238 5243 5257 5287 5291 5297 5302 5304 5306 5328 5348 5360 5369 5371 5377 5382 5386 5393 5432 5438 5443 5445 5449 5465 5469 5471 5478 5499 5502 5507 5528 5530 5537 5541 5543 5545 5562 5563 5565 5566 5599 5619 5624 5625 5627 5628 5629 5632 5639 5641 5647 5659 5663 5677 5700 5730 5734 5736 5737 5744 5748 5753 5765 5772 5775 5796 5814 5820 5823 5825 5843 5848 5850 5864 5898 5902 5910 5914 5917 5949 5960 5961 5993 5994 6003 6010 6017 6033 6043 6045 6047 6063 6074 6078 6083 6114 6119 6124 6125 6133 6165 6167 6168 6175 6180 6192 6198 6202 6207 6212 6213 6221 6240 6242 6255 6272 6278 6286 6292 6297 6301 6311 6320 6337 6338 6339 6341 6344 6348 6360 6380 6382 6407 6411 6419 6434 6440 6452 6455 6459 6463 6478 6490 6493 6510 6551 6578 6583 6604 6608 6610 6619 6624 6637 6638 6650 6662 6663 6669 6680 6687 6690 6692 6709 6710 6713 6715 6721 6729 6736 6746 6752 6754 6766 6767 6780 6788 6796 6799 6804 6810 6816 6827 6829 6831 6836 6837 6838 6840 6843 6860 6881 6889 6897 6902 6905 6911 6914 6916 6941 6943 6945 6949 6955 6976 6980 6981 6996 7033 7034 7038 7041 7042 7053 7063 7067 7070 7072 7073 7086 7092 7093 7106 7113 7119 7138 7156 7170 7187 7190 7195 7197 7210 7215 7226 7227 7231 7236 7254 7285 7288 7289 7312 7323 7328 7334 7336 7356 7369 7426 7455 7456 7459 7489 7499 7503 7508 7518 7529 7541 7550 7555 7563 7569 7587 7590 7594 7597 7604 7609 7615 7625 7632 7635 7647 7652 7654 7658 7673 7698 7707 7714 7720 7728 7737 7743 7747 7771 7774 7778 7796 7804 7813 7827 7838 7840 7842 7862 7863 7865 7870 7875 7880 7883 7890 7894 7900 7907 7915 7925 7951 7952 7955 7965 7967 7976 7980 7981 7994 7998 8009 8010 8012 8016 8041 8069 8072 8076 8077 8086 8094 8102 8110 8119 8122 8141 8143 8144 8151 8162 8164 8184 8192 8200 8221 8227 8235 8252 8253 8262 8274 8307 8318 8321 8335 8338 8346 8347 8356 8357 8372 8383 8408 8417 8420 8439 8457 8459 8467 8474 8494 8504 8506 8526 8530 8534 8535 8545 8546 8547 8551 8560 8566 8567 8574 8586 8590 8594 8596 8608 8612 8615 8653 8669 8676 8687 8689 8693 8695 8708 8718 8728 8734 8737 8742 8755 8772 8786 8803 8807 8815 8816 8827 8832 8844 8849 8856 8859 8860 8861 8869 8870 8902 8912 8931 8932 8933 8935 8943 8945 8954 8968 9000 9007 9043 9048 9049 9060 9073 9076 9085 9094 9096 9106 9114 9125 9132 9144 9146 9149 9166 9171 9186 9188 9203 9204 9218 9219 9235 9239 9267 9273 9291 9298 9302 9326 9349 9355 9366 9369 9372 9382 9392 9398 9406 9415 9418 9420 9425 9427 9430 9432 9439 9452 9459 9486 9492 9493 9496 9507 9523 9531 9533 9534 9535 9549 9554 9557 9558 9564 9568 9570 9575 9577 9583 9585 9590 9592 9609 9622 9628 9636 9639 9642 9643 9647 9664 9667 9682 9691 9695 9699 9700 9720 9729 9736 9742 9752 9776 9801 9810 9816 9832 9833 9838 9839 9846 9847 9849 9852 9889 9897 9913 9952 9963 9964 9981 9992 9998 10019 10025 10034 10071 10083 10113 10114 10124 10134 10149 10152 10154 10167 10171 10180 10188 10190 10202 10227 10236 10244 10255 10259 10282 10284 10285 10286 10289 10293 10300 10304 10309 10317 10319 10327 10331 10332 10337 10340 10360 10375 10399 10401 10403 10412 10443 10444 10453 10459 10502 10506 10508 10511 10515 10533 10535 10548 10555 10570 10573 10574 10596 10602 10617 10621 10627 10651 10679 10682 10688 10698 10701 10712 10720 10727 10738 10745 10746 10747 10748 10759 10761 10764 10796 10798 10799 10806 10813 10817 10833 10860 10867 10869 10873 10888 10891 10898 10916 10929 10941 10944 10947 10974 10993 10994 10996 11008 11021 11026 11031 11033 11046 11048 11055 11061 11063 11066 11076 11089 11097 11144 11151 11155 11165 11194 11198 11208 11214 11216 11228 11230 11232 11233 11239 11250 11252 11264 11282 11289 11290 11325 11327 11337 11349 11361 11362 11365 11373 11374 11378 11408 11410 11418 11420 11425 11437 11441 11473 11476 11489 11507 11520 11523 11556 11561 11583 11585 11596 11604 11624 11635 11644 11647 11675 11704 11706 11712 11720 11745 11752 11754 11762 11772 11773 11779 11784 11806 11807 11812 11821 11829 11832 11834 11839 11843 11849 11867 11880 11891 11896 11908 11944 11969 11979 11982 11989 11996 12005 12010 12014 12032 12035 12038 12044 12045 12052 12076 12085 12101 12102 12117 12140 12147 12157 12159 12171 12193 12206 12217 12232 12248 12249 12252 12263 12281 12282 12286 12293 12295 12296 12300 12304 12315 12345 12351 12353 12363 12378 12401 12414 12418 12419 12427 12438 12445 12450 12453 12458 12459 12479 12480 12482 12487 12505 12509 12513 12518 12528 12529 12551 12557 12560 12586 12591 12599 12602 12603 12618 12620 12634 12646 12648 12652 12661 12666 12674 12687 12690 12708 12729 12746 12779 12787 12791 12820 12826 12852 12875 12887 12890 12924 12928 12931 12932 12937 12942 12956 12959 12966 12970 12989 12996 12999 13010 13021 13029 13035 13044 13046 13061 13065 13072 13074 13081 13087 13105 13108 13148 13157 13165 13173 13184 13188 13193 13197 13204 13205 13214 13242 13247 13248 13258 13261 13262 13267 13285 13288 13292 13298 13304 13313 13316 13322 13325 13340 13346 13373 13378 13386 13390 13397 13423 13434 13436 13440 13442 13451 13453 13455 13458 13460 13497 13505 13510 13516 13522 13553 13556 13562 13564 13586 13592 13599 13602 13618 13619 13620 13637 13654 13657 13659 13660 13663 13666 13674 13684 13686 13726 13729 13739 13748 13749 13750 13768 13771 13775 13777 13781 13787 13794 13804 13805 13811 13815 13826 13861 13862 13876 13889 13890 13891 13892 13895 13909 13923 13924 13925 13930 13935 13962 13966 13975 13993 14002 14004 14007 14014 14039 14053 14059 14068 14070 14075 14077 14100 14101 14116 14128 14132 14136 14143 14149 14159 14160 14169 14170 14171 14178 14186 14206 14221 14222 14262 14263 14270 14279 14281 14292 14321 14331 14337 14344 14354 14380 14395 14403 14412 14414 14418 14421 14439 14457 14458 14466 14480 14496 14504 14507 14513 14514 14521 14552 14554 14562 14566 14573 14575 14585 14588 14592 14645 14692 14701 14713 14715 14721 14724 14725 14731 14751 14755 14765 14769 14770 14774 14778 14786 14801 14804 14805 14810 14819 14821 14822 14826 14840 14844 14860 14861 14863 14870 14884 14888 14889 14903 14917 14921 14940 14950 14958 14960 14980 14985 14991 14992 15004 15023 15028 15029 15051 15057 15064 15088 15097 15100 15103 15108 15117 15126 15130 15132 15147 15168 15178 15182 15186 15190 15194 15195 15198 15210 15216 15244 15245 15247 15251 15252 15255 15256 15263 15279 15281 15285 15299 15303 15304 15306 15321 15328 15354 15361 15366 15371 15388 15395 15401 15404 15421 15425 15428 15429 15430 15435 15436 15441 15446 15447 15452 15453 15466 15472 15485 15509 15511 15534 15545 15565 15573 15578 15582 15590 15601 15607 15622 15644 15645 15648 15651 15657 15659 15671 15673 15675 15679 15681 15701 15711 15719 15720 15722 15725 15734 15736 15737 15756 15767 15773 15784 15788 15818 15826 15833 15847 15857 15859 15867 15880 15899 15901 15930 15933 15934 15941 15959 15960 15962 15965 15974 15978 15984 16003 16007 16019 16026 16041 16045 16048 16050 16052 16074 16095 16100 16105 16112 16119 16126 16128 16142 16148 16152 16161 16168 16178 16183 16188 16215 16224 16237 16240 16260 16271 16287 16288 16295 16299 16326 16328 16333 16336 16349 16352 16372 16379 16380 16382 16396 16406 16429 16439 16480 16485 16490 16492 16495 16521 16522 16525 16530 16531 16544 16545 16573 16577 16606 16612 16626 16639 16640 16646 16686 16689 16694 16695 16712 16717 16728 16754 16757 16765 16771 16785 16789 16800 16806 16807 16814 16837 16853 16861 16868 16871 16888 16912 16916 16926 16931 16939 16947 16952 16957 16959 16961 16964 16965 16967 16974 16980 16981 16985 16989 17008 17015 17024 17034 17037 17039 17041 17044 17046 17050 17055 17061 17063 17089 17093 17100 17109 17112 17117 17119 17120 17121 17152 17159 17161 17174 17178 17191 17194 17197 17204 17206 17220 17221 17252 17259 17261 17264 17273 17313 17323 17329 17330 17337 17349 17351 17358 17360 17371 17392 17415 17423 17431 17436 17441 17442 17456 17488 17490 17521 17523 17524 17527 17529 17540 17546 17553 17561 17572 17588 17590 17591 17601 17613 17621 17627 17644 17646 17648 17650 17665 17668 17672 17675 17682 17683 17699 17700 17705 17714 17717 17741 17742 17743 17759 17762 17767 17780 17784 17785 17788 17794 17797 17819 17833 17845 17851 17865 17870 17878 17895 17899 17928 17935 17939 17940 17942 17950 17960 17976 17996 18008 18027 18034 18036 18038 18043 18057 18064 18074 18097 18098 18107 18108 18111 18128 18138 18147 18152 18158 18160 18172 18178 18193 18207 18208 18211 18219 18236 18237 18238 18242 18248 18259 18274 18284 18292 18307 18319 18325 18335 18345 18350 18355 18360 18370 18371 18422 18434 18435 18436 18444 18464 18494 18526 18551 18552 18572 18606 18610 18613 18621 18629 18646 18655 18663 18679 18712 18727 18732 18742 18748 18787 18811 18820 18822 18839 18846 18850 18856 18865 18867 18872 18873 18876 18896 18897 18919 18933 18969 18975 18989 19018 19031 19036 19039 19055 19069 19073 19075 19109 19127 19146 19147 19151 19160 19167 19212 19239 19253 19258 19276 19285 19299 19304 19313 19344 19369 19380 19397 19400 19406 19435 19449 19464 19477 19480 19488 19491 19497 19503 19513 19526 19532 19534 19536 19550 19556 19574 19577 19588 19608 19627 19628 19633 19644 19651 19659 19666 19677 19683 19688 19700 19706 19708 19710 19735 19739 19749 19751 19756 19775 19782 19812 19844 19848 19860 19879 19881 19888 19907 19908 19954 19960 19964 19981 19990 19991 19992 19993 19996 20020 20022 20030 20032 20039 20045 20049 20065 20068 20070 20081 20082 20101 20105 20119 20121 20127 20131 20135 20136 20156 20159 20171 20203 20209 20228 20231 20233 20245 20272 20275 20291 20301 20310 20323 20324 20349 20376 20401 20414 20427 20428 20433 20435 20454 20476 20498 20503 20519 20528 20533 20539 20545 20552 20566 20575 20578 20583 20609 20641 20645 20646 20648 20655 20674 20678 20691 20726 20732 20734 20749 20764 20775 20781 20816 20823 20829 20843 20854 20856 20861 20887 20891 20904 20906 20907 20922 20923 20927 20944 20981 20986 20987 20991 21020 21025 21035 21041 21045 21046 21050 21054 21058 21061 21064 21093 21108 21111 21133 21147 21152 21158 21161 21164 21166 21205 21224 21227 21231 21232 21234 21240 21241 21288 21292 21297 21300 21303 21304 21322 21335 21344 21354 21356 21363 21370 21394 21417 21449 21455 21475 21486 21489 21495 21516 21530 21532 21544 21545 21546 21551 21556 21562 21563 21566 21570 21586 21598 21614 21619 21627 21634 21646 21649 21659 21662 21669 21689 21704 21708 21714 21724 21733 21737 21742 21743 21745 21747 21773 21776 21802 21812 21815 21816 21818 21835 21842 21853 21860 21865 21878 21884 21888 21891 21895 21898 21900 21906 21944 21947 21953 21968 21976 21980 21987 21999 22030 22040 22047 22052 22059 22068 22069 22076 22093 22116 22135 22136 22141 22143 22146 22150 22161 22165 22167 22170 22202 22207 22218 22230 22237 22253 22265 22270 22279 22284 22298 22300 22310 22327 22344 22345 22348 22360 22362 22364 22377 22381 22382 22386 22388 22391 22402 22404 22406 22412 22418 22432 22433 22440 22451 22469 22494 22495 22504 22508 22511 22550 22564 22567 22573 22574 22583 22604 22617 22655 22659 22660 22661 22664 22667 22679 22683 22692 22710 22725 22757 22761 22797 22801 22802 22816 22837 22862 22863 22865 22870 22874 22886 22893 22926 22947 22952 22958 22966 22967 22970 22980 22989 22994 23001 23020 23047 23101 23123 23124 23127 23136 23138 23141 23143 23145 23150 23166 23174 23178 23182 23187 23203 23205 23213 23214 23220 23241 23252 23263 23275 23278 23282 23296 23332 23343 23349 23354 23359 23360 23383 23384 23385 23393 23394 23403 23404 23417 23425 23426 23441 23445 23459 23514 23525 23526 23528 23534 23536 23542 23543 23546 23550 23555 23572 23573 23582 23594 23609 23638 23657 23658 23659 23663 23669 23674 23677 23679 23687 23693 23696 23707 23710 23723 23730 23731 23758 23763 23765 23776 23788 23791 23792 23827 23831 23849 23860 23868 23882 23893 23896 23898 23899 23902 23908 23911 23915 23920 23929 23931 23936 23948 23959 23973 23977 23994 23996 24001 24007 24012 24043 24045 24050 24052 24072 24090 24102 24109 24112 24115 24125 24128 24132 24142 24143 24144 24145 24172 24181 24183 24190 24207 24208 24209 24223 24237 24238 24242 24251 24254 24259 24277 24290 24292 24302 24303 24305 24312 24315 24320 24321 24322 24324 24330 24337 24347 24375 24378 24379 24392 24406 24410 24422 24426 24427 24429 24438 24443 24445 24454 24463 24468 24477 24478 24479 24496 24506 24509 24524 24525 24544 24545 24548 24549 24563 24573 24576 24578 24582 24590 24592 24600 24610 24611 24633 24637 24646 24663 24665 24670 24677 24679 24682 24713 24715 24750 24784 24788 24799 24800 24810 24827 24834 24842 24844 24852 24896 24924 24940 24949 24964 24968 24972 24977 24986 25006 25013 25015 25024 25025 25034 25041 25045 25049 25062 25077 25094 25098 25099 25100 25119 25120 25127 25140 25148 25150 25151 25153 25160 25172 25173 25174 25176 25195 25203 25210 25212 25213 25214 25223 25230 25242 25266 25284 25293 25298 25325 25333 25335 25337 25341 25361 25368 25369 25383 25385 25392 25400 25406 25411 25436 25437 25439 25462 25467 25469 25476 25493 25496 25504 25524 25530 25531 25536 25555 25557 25568 25573 25575 25589 25591 25596 25627 25638 25640 25646 25661 25667 25668 25671 25684 25711 25717 25729 25740 25748 25750 25751 25765 25787 25789 25791 25799 25807 25812 25815 25819 25837 25846 25852 25871 25884 25886 25887 25891 25917 25923 25952 25974 25979 25983 25988 25999 26005 26006 26010 26015 26027 26040 26060 26063 26064 26066 26069 26072 26074 26075 26082 26083 26090 26103 26108 26133 26134 26146 26149 26155 26162 26168 26171 26172 26182 26188 26195 26205 26217 26223 26231 26233 26237 26238 26243 26245 26249 26250 26261 26269 26274 26290 26302 26308 26311 26320 26324 26328 26334 26346 26347 26358 26364 26368 26393 26400 26409 26415 26432 26434 26439 26442 26452 26483 26484 26488 26493 26501 26514 26516 26532 26533 26548 26552 26559 26579 26587 26594 26606 26615 26622 26633 26645 26646 26659 26668 26696 26712 26718 26725 26734 26761 26773 26794 26795 26809 26810 26816 26825 26871 26876 26881 26892 26914 26932 26945 26977 26988 26992 27001 27002 27026 27028 27036 27040 27046 27053 27060 27061 27064 27082 27092 27095 27097 27100 27108 27110 27152 27153 27170 27199 27208 27221 27225 27229 27235 27244 27249 27252 27254 27265 27266 27281 27283 27289 27294 27305 27308 27309 27310 27324 27336 27345 27346 27354 27360 27361 27378 27387 27390 27394 27409 27425 27436 27437 27444 27446 27449 27461 27463 27468 27477 27499 27507 27512 27520 27527 27531 27537 27538 27541 27545 27546 27547 27557 27558 27559 27567 27576 27585 27592 27593 27594 27596 27607 27612 27623 27629 27633 27637 27638 27639 27651 27666 27670 27682 27694 27698 27700 27705 27709 27714 27719 27721 27729 27732 27738 27748 27761 27765 27771 27776 27778 27779 27793 27794 27808 27813 27830 27837 27869 27870 27872 27873 27877 27891 27908 27927 27929 27954 27955 27962 27969 27979 27993 28023 28044 28045 28053 28055 28081 28082 28094 28095 28099 28102 28119 28142 28165 28168 28179 28193 28199 28218 28244 28247 28255 28257 28273 28287 28288 28293 28295 28338 28340 28357 28364 28366 28367 28388 28389 28398 28418 28426 28431 28436 28437 28444 28451 28468 28470 28471 28474 28476 28478 28483 28497 28523 28573 28575 28585 28588 28595 28609 28610 28620 28621 28628 28632 28638 28647 28661 28667 28668 28676 28691 28692 28693 28705 28708 28713 28714 28716 28721 28728 28731 28741 28742 28743 28762 28774 28777 28780 28790 28801 28805 28807 28813 28823 28826 28829 28836 28838 28853 28857 28859 28869 28884 28890 28899 28910 28913 28914 28931 28935 28949 28978 28987 28989 28991 28998 29016 29017 29038 29043 29044 29045 29048 29052 29054 29055 29063 29073 29074 29075 29083 29088 29097 29101 29107 29133 29134 29137 29143 29146 29148 29149 29152 29154 29185 29199 29212 29216 29223 29229 29240 29245 29246 29247 29252 29254 29257 29266 29268 29269 29270 29302 29309 29310 29315 29319 29334 29335 29336 29338 29346 29347 29351 29354 29373 29374 29380 29382 29399 29402 29412 29414 29419 29430 29431 29432 29442 29456 29463 29472 29489 29490 29507 29518 29520 29523 29527 29531 29533 29534 29535 29541 29546 29550 29560 29572 29582 29587 29594 29606 29623 29626 29628 29631 29635 29636 29638 29639 29645 29649 29650 29657 29669 29670 29686 29693 29696 29705 29714 29716 29735 29743 29760 29768 29776 29777 29780 29792 29802 29811 29822 29823 29825 29829 29834 29838 29841 29845 29847 29851 29854 29863 29866 29871 29878 29880 29881 29888 29889 29891 29892 29908 29913 29914 29918 29927 29936 29937 29938 29943 29966 29969 29978 29986 30021 30033 30050 30055 30062 30095 30097 30115 30130 30132 30134 30136 30141 30164 30176 30180 30182 30189 30195 30205 30215 30233 30236 30243 30244 30260 30261 30275 30277 30291 30299 30302 30305 30308 30325 30329 30330 30338 30343 30367 30389 30397 30399 30402 30405 30430 30433 30440 30456 30461 30470 30482 30484 30491 30494 30497 30515 30519 30522 30534 30567 30573 30608 30618 30621 30641 30653 30662 30671 30677 30690 30726 30751 30760 30777 30845 30848 30868 30873 30879 30888 30934 30943 30979 31001 31022 31051 31072 31121 31125 31137 31147 31191 31208 31254 31260 31280 31297 31300 31308 31336 31369 31406 31420 31448 31459 31474 31475 31483 31513 31546 31547 31557 31646 31651 31678 31720 31728 31757 31819 31871 31915 31941 31955 31970 31983 32050 32056 32093 32107 32113 32116 32145 32162 32167 32169 32226 32238 32246 32262 32282 32387 32390 32393 32784 32804 32806 32808 32809 32816 32848 32861 32878 32882 32908 32926 32930 32960 32987 33022 33031 33103 33116 33129 33135 33157 33164 33184 33304 33311 33369 33404 33419 33448 33460 33481 33493 33511 33524 33526 33545 33569 33592 33598 33602 33643 33645 33656 33664 33761 33780 33783 33795 33814 33835 33843 33847 33874 33919 33933 33968 34019 34026 34047 34054 34097
14 991 4621 5695 17299 18117 18531 18945 19981 21337 21438 22291 26542 31057 32048
26 3380 11625 12596 16887 18052 20193 20704 21922 23136 23209 23210 23211 23213 23215 23216 23217 23218 23222 23226 23227 23229 23230 23233 23236 23240 23242
5
10 12485 13008 16818 17540 18710 19992 20199 20366 20856 21714
569 27 101 137 138 159 240 382 402 501 516 539 682 696 716 720 723 741 744 889 914 948 966 1043 1118 1139 1153 1209 1222 1304 1338 1343 1351 1354 1366 1371 1422 1453 1489 1568 1680 1790 1833 1939 1984 2145 2183 2239 2243 2376 2400 2408 2449 2544 2556 2639 2644 2687 2779 2847 2851 2940 2952 2953 2998 3055 3064 3068 3069 3115 3154 3198 3289 3388 3389 3509 3558 3570 3589 3635 3638 3700 3742 3744 3783 3823 3890 3963 4016 4064 4065 4080 4091 4111 4127 4197 4202 4207 4209 4436 4477 4490 4586 4593 4660 4758 4774 4800 4860 4879 5075 5141 5153 5160 5270 5274 5288 5293 5325 5343 5361 5454 5501 5548 5564 5587 5638 5649 5696 5719 5832 5899 5967 5998 6131 6238 6271 6384 6387 6438 6736 6766 6803 6868 6970 6988 7149 7154 7168 7200 7228 7244 7310 7346 7358 7416 7448 7456 7474 7498 7595 7599 7623 7639 7680 7687 7703 7724 7741 7971 7981 8061 8342 8367 8373 8488 8499 8538 8669 8674 8747 8761 8776 8782 8811 8903 8930 9026 9031 9060 9072 9237 9325 9330 9416 9425 9448 9505 9534 9817 9847 9854 9856 9896 9901 9907 9937 9997 10045 10153 10216 10235 10248 10270 10315 10349 10529 10530 10676 10678 10752 10763 10808 10842 10883 10924 10935 10980 10983 11017 11172 11230 11242 11243 11244 11252 11310 11337 11361 11389 11417 11457 11481 11485 11489 11540 11605 11623 11632 11657 11712 11805 11831 11842 11880 11885 11914 11918 11941 11955 11985 12003 12022 12039 12119 12141 12233 12237 12239 12267 12320 12439 12478 12584 12587 12674 12705 12758 12838 12893 12903 12919 12969 12992 13040 13071 13090 13201 13337 13340 13353 13381 13399 13410 13438 13489 13505 13551 13564 13610 13611 13629 13711 13757 13855 13856 13889 13905 13911 14024 14031 14050 14122 14144 14363 14372 14387 14408 14483 14494 14511 14550 14585 14612 14615 14689 14730 14828 14846 14886 14933 14942 15016 15024 15055 15094 15119 15128 15443 15551 15565 15584 15597 15651 15655 15846 15848 15971 15974 16006 16033 16105 16112 16174 16287 16370 16621 16631 16646 16679 16681 16779 16840 16876 16955 16971 17020 17236 17357 17436 17513 17516 17574 17698 17708 17838 17877 17893 17911 18083 18203 18246 18286 18288 18447 18450 18518 18573 18611 18703 18826 18831 18859 18868 18888 18964 19005 19010 19097 19270 19370 19532 19598 19770 19851 20077 20094 20097 20102 20230 20306 20386 20419 20472 20522 20572 20575 20623 20711 20768 20821 20985 21036 21131 21198 21259 21491 21506 21527 21532 21596 21606 21786 22155 22215 22217 22364 22366 22619 22690 22808 22978 23231 23324 23743 23992 24032 24071 24184 24209 24297 24324 24352 24356 24428 24523 24566 24731 24786 24812 24841 24892 25045 25054 25078 25108 25153 25154 25159 25193 25265 25283 25297 25304 25327 25349 25366 25430 25454 25536 25565 25566 25599 25679 25696 25728 25751 25782 25788 25936 25986 25995 26029 26048 26075 26084 26112 26124 26151 26204 26243 26320 26486 26566 26659 26675 26695 26738 26855 26946 26966 26974 26991 27071 27090 27180 27660 28374 28568 28678 28937 29718 29752 30597 30619 30730 30735 30759 30816 30844 30861 30912 30918 30940 31050 31090 31110 31113 31144 31159 31229 31332 31384 31702 31736 31863 31865 31899 31926 32268 32427 32428 32447 32475 32485 32488 32505 32642 32650 32722 32745 32934 32971 32973 33021 33066 33119 33253 33544 33608
17 517 676 7947 8841 9601 9712 13685 16118 16523 19778 20758 22847 23312 23316 26964 26965 30360
22 1433 3668 6649 8926 11640 13104 13206 14160 15687 17113 17708 17781 20479 21148 21572 21737 21798 24499 28859 29615 31358 31566
6 3254 8722 14280 21177 21849 22462
