# protocol=author-csv
# group_ids=1-based vertex_ids_in_query_file=1-based
# queries=300
# panel_queries=10
# source_query_indices_are_1_based
67286 53454 45398 27156 65039 40987 13297
53387 19002 99199 60145 101020 20039 64001
61801 9641 63735 103979 78378 25023 105023
35188 55637 93136 71096 71615 41348 7419
1067 65231 77471 19286 23841 15771 51179
32329 20219 33813 4638 27304 82975 55688
43402 71846 95309 99599 103707 95974 99619
63997 65597 21318 108362 18139 82964 9386
29597 36796 49715 56958 25185 83046 18946
47428 7957 6173 65655 79739 31688 68983
