10
7
19 2414 19936 287455 310286 369634 393099 661904 728257 853499 965063 996879 1169909 1196991 1271749 1382833 1427958 1666992 1888951 2380913
3 59138 1886384 2140131
3 50884 2492553 2659279
5 30087 59538 381294 835236 3552920
44 2414 3598 17717 66413 79747 96437 139731 182480 195975 196819 199940 201956 249102 279431 404381 537679 671225 712375 784121 919585 1203965 1295951 1523035 1561627 1729134 1768836 1775649 1878210 2200356 2270585 2335124 2629613 2714723 2774137 2778601 2796305 2861321 2903640 2935693 3010766 3111540 3166556 3235962 3830341
32 1617 2414 5977 59132 71856 165717 228910 243421 278911 290730 477438 552807 612989 652009 691272 726641 927036 934445 946679 949622 955055 957542 1124278 1247510 1329970 1431450 1766972 2033213 2042169 2046324 2052016 2406383
14 187892 241481 435366 751479 963448 1159944 1173031 1173181 1311842 2426984 2754176 3011600 3094551 3173533
7
4 108772 967584 2333035 2536711
2 2946 1417803
2 146247 197764
5 2414 22446 32190 368139 1860823
33 220 302 2414 26271 36841 76063 88291 191143 256539 272284 272638 648839 696363 804647 958138 970810 1080016 1295945 1313548 1331220 1431251 1445824 1471869 1525284 1535103 1563031 1727751 2746605 2799254 3053756 3623804 3720033 4224615
4 32757 49603 2043642 2683529
4 2414 3127 68657 980266
7
5 5977 17717 221282 2092912 2346665
9 81060 1048953 1332427 2156642 2484727 3404662 3503861 3511860 4171583
51 2414 17717 18171 25818 55236 59275 63555 80518 85224 130769 220372 254816 326698 383174 410100 449938 475152 480846 487436 575304 578047 639187 652027 669717 701442 795005 870597 879365 911463 1006195 1064602 1078919 1133678 1135701 1168280 1299905 1355943 1480391 1596267 1632413 1767756 2187957 2205403 2247856 2346665 2507758 2640998 2744291 2994854 3418571 3976370
5 212601 517884 2225630 2620192 3091975
2 5977 1616432
8 941 2414 16335 55209 98803 370262 964064 1947277
18 2414 30087 35141 108463 156806 157666 172417 277418 540137 643734 826629 1478458 1762409 2085703 2087359 2156350 2470829 2973169
7
2 2414 32190
11 18539 178739 199467 207372 212231 302504 431326 548975 845379 1828128 2544815
3 32980 243645 808788
3 115513 327613 668202
10 2414 49802 71653 73204 128343 430836 905860 1292665 1372818 2873964
11 2414 161935 480471 864311 1091047 1235532 1664537 1821900 2269075 2736362 3027164
4 506053 533450 1018171 2462239
7
4 317238 349042 1652010 1948007
2 17717 57294
6 112547 276411 305631 946037 2045518 2210962
2 316726 3546859
5 2414 98512 142249 1273374 2074011
9 2414 180075 495597 1295476 1438220 1499798 1547420 2482470 3178490
2 566432 623649
7
2 913822 960459
5 143522 153932 217350 710290 1012306
3 347593 3166477 3867890
16 38157 513157 628509 713057 771168 789574 1310403 1660077 1993931 2255959 2380241 2381090 3001269 3152395 3155667 3342736
5 445556 548558 766060 1521066 1688877
3 2414 17717 56196
2 17717 60960
7
10 2414 65567 65640 199500 250804 407167 414312 737839 1470925 1525503
255 2414 5977 7860 8428 10821 14784 15752 17717 22446 32076 32190 36357 38720 49151 69971 71308 74879 90979 95655 120258 141858 156266 156882 158576 164198 172141 188961 202262 202597 204182 224504 226691 230339 234882 237388 249726 252977 253103 256509 267191 278185 279603 284629 291183 301971 304468 313603 313981 337024 349158 355867 368139 369008 383221 403921 409774 426481 432379 433827 443067 448638 470037 476872 480874 482581 487971 491015 497312 506843 537898 541539 583882 609053 612640 612971 621043 627787 629944 631764 646425 651651 691161 701119 705192 707211 722526 724204 741171 743182 744601 747629 768124 774170 788313 820019 825378 832894 866833 874335 876806 896344 902845 904191 904897 909354 910919 919785 919964 926792 933301 939767 941253 963673 979103 1022178 1029196 1045868 1059313 1086949 1094172 1102031 1127194 1149049 1151331 1179732 1198554 1199907 1202319 1204207 1205123 1205762 1217472 1232154 1235059 1242603 1247138 1256310 1259486 1290032 1299310 1310500 1317995 1325089 1326015 1355754 1360341 1368364 1379765 1390236 1395560 1404441 1434348 1441112 1443078 1448816 1451788 1453239 1462164 1465154 1478502 1485504 1503673 1509143 1514678 1522081 1529437 1534647 1536016 1553247 1561263 1572802 1599282 1604621 1607815 1613200 1615450 1650909 1657304 1660323 1662951 1670187 1676588 1681080 1708320 1716522 1748601 1758380 1767666 1792991 1793292 1815411 1828189 1829808 1839094 1840403 1874818 1900185 1960237 1972698 1976045 1988247 1998317 2002018 2028172 2037663 2100807 2128014 2135402 2146965 2147749 2175345 2176374 2218108 2227268 2228561 2234283 2279191 2290088 2330649 2334713 2339244 2349904 2352378 2418935 2432065 2435642 2458496 2470410 2504198 2628689 2638994 2657495 2699426 2729590 2813515 2818601 2836152 2874845 2925343 3056114 3092046 3333986 3359449 3367495 3379452 3536704 3586562 3592569 3700921 3809173 3812393 3818223 3842881 3866099 3914093
7 252231 256196 632489 692548 1040610 2417612 3127570
14 5977 17717 347992 521620 575653 1021988 1113587 1793128 2993087 3073680 3101523 3199082 3439302 4163217
7 6238 57144 135727 1154477 1640956 2278247 3066836
8 556 2414 297205 1417461 1610146 1670453 2238550 2487881
2 2414 177668
7
26 89055 94183 142307 162805 288220 394787 442824 530506 532534 701576 717258 980751 1136653 1616136 1669107 2055311 2119522 2212902 2479715 2586041 2722806 2839305 2839606 3027860 3674194 3738278
3 107847 1745334 3819983
9 2414 81321 105597 197327 215068 283778 727431 1903045 2386886
14 114359 217434 321529 402724 523778 567967 590566 717430 891860 967258 993901 1449780 1535960 2154925
4 38602 156749 1050850 2394535
4 2414 390688 832258 2367028
2 10404 2323509
7
3 34283 649596 3898733
5 43004 214785 1193458 2036787 2332577
6 2414 257607 284176 525407 1071653 2817994
4 88291 1675460 3371964 3391460
5 15946 44707 1491066 1852687 3130704
53 2414 11535 16606 17717 19329 23810 30301 36485 36920 60172 84057 124118 207737 220959 257043 276495 328213 332346 448557 469844 492613 496683 565393 567333 616130 645993 706150 813037 820263 980800 992741 1058681 1093593 1140275 1291763 1390992 1624499 1716421 1835671 1857768 2068273 2102018 2130352 2510132 2521499 2612373 2663762 2992183 3062231 3157627 3553502 3637624 3985319
3 3598 138796 1281435
7
8 5977 798055 1061970 1172020 1800382 2115587 3021918 3933007
3 2414 19440 1037178
5 49455 114112 114160 397865 4262771
4 723544 798837 2181766 3263877
2 2414 552943
3 4815 264149 1659616
2 17717 75811
