10
5
3 17717 143190 190442
2 91140 2711924
24 1650 2414 385633 399214 415693 571842 645457 655792 713478 748500 765472 1001283 1144174 1294500 1332167 1944171 1944865 1947964 1974075 2380532 2469346 2690837 3315006 3583782
2 468223 762177
6 52182 1217653 1304713 1598415 2824434 3337343
5
6 2414 82977 119590 566017 803252 2261803
9 5495 17332 17717 80840 116203 308902 1053314 1333585 3096265
19 26458 53726 83760 92882 404334 414134 487705 610226 760819 1003034 1321910 1519352 1732930 1986524 2208946 2300382 2525606 2643905 2857332
7 2414 34506 410967 867498 901193 1059293 1068551
2 398354 1485244
5
6 5977 17717 20864 583569 1855007 2081233
18 2414 73923 605882 695209 818549 1260566 1279418 1285833 1343239 1576100 1790544 1854600 2112228 2146322 2422226 2862201 2951560 3480282
38 2414 5977 6484 121895 153096 196541 207002 268273 325342 450655 495616 530663 531635 540660 877130 1027136 1079680 1114537 1136371 1186548 1274657 1288538 1296953 1369571 1462257 1463950 1552935 1737356 1740657 1786744 1812166 2378792 2829680 2870056 3517637 3527170 3529446 3533748
4 28803 294403 1043142 2230231
5 8045 68275 560391 2188207 2189181
5
2 10878 317358
3 156003 665345 2632631
2 58919 1604315
18 302 2414 37285 70922 103291 106226 124719 153804 589016 595395 595932 1050195 1327292 1456633 1476788 1527716 1741897 2096726
9 2414 21874 44650 544611 708409 2426233 2663324 3032844 3367521
5
39 2414 5977 13376 28020 36531 37630 43510 155689 210208 221248 222623 257508 271484 289784 340427 347131 422319 508233 563680 605082 608779 638063 664588 695597 902452 1013863 1118641 1184179 1231752 1410578 1458663 1648798 1830783 1894073 1919536 2091201 2224223 2831478 2840051
5 248179 373175 919644 1771232 2540529
2 26271 1437374
2 540185 970837
6 2414 12718 855567 1424341 1658133 2261650
5
6 10404 95010 1307288 2248512 2549580 3890936
5 66376 629930 1266220 1606724 2631196
2 17717 29236
6 32314 329921 1081645 1353913 3849857 3928047
4 17717 19114 59670 395654
5
6 29110 48014 76685 422145 1772256 2143335
2 459185 899179
10 9604 18340 130304 952676 1299640 1325419 1393468 1399560 2437290 2441404
70 2414 2946 3598 10404 17717 22446 48271 69533 71122 101593 101978 165439 194281 215340 245256 272325 358665 367624 368139 389765 398830 415337 462397 511585 606717 637410 694387 716829 803820 849362 853666 890916 997478 1090183 1207111 1210158 1310484 1357324 1398735 1405216 1445472 1634380 1644516 1751915 1780194 1792943 1952300 2035854 2049699 2095836 2166640 2187374 2198296 2343023 2396226 2507688 2549580 2639218 2711179 2762037 2818603 2845538 2856192 2923154 2976949 3507386 3531442 3761739 4059285 4174944
116 1319 2414 5977 9311 15095 17929 27665 34074 59410 59924 64028 74954 83997 89014 95865 106117 122119 123098 126152 143697 154785 167287 168435 175867 178437 181998 184253 192441 210179 228257 264834 268397 280391 281263 289311 294189 295410 307675 312689 329130 334640 337033 338305 355424 381935 416447 459356 477151 488066 489626 495394 506178 509909 535520 557191 574834 615368 620244 620579 621806 624280 629770 641262 669251 679395 681174 691797 701643 704524 707995 709912 735857 736581 741174 752899 773603 779428 810181 810569 811946 813156 818476 821021 823055 823348 845780 868221 885331 887726 895538 909299 928372 937067 994260 1057384 1058493 1077070 1173267 1173488 1190053 1210474 1212744 1325233 1433510 1435486 1480198 1495794 1882241 2431656 2499339 2958476 3107640 3820588 3996632 4053518 4158944
5
2 15946 525362
2 363251 1108654
5 5977 274231 670597 683280 2707462
6 2414 142274 1410844 1443849 2201965 2712024
2 17717 185203
5
42 2414 10539 17717 95302 98787 111528 137801 145267 180574 210479 287651 302119 397476 547396 577419 619269 631108 655504 672796 688999 702197 772777 869829 975475 1115942 1157124 1199015 1596578 1643781 1658986 1664716 1939068 2009689 2083085 2158027 2345494 2461747 2526116 2540871 2560950 2625827 2639484
15 2414 84236 117544 395111 473025 767330 822000 981416 1436152 1558911 2163763 2520976 3358758 3400809 3712550
7 29877 95765 194399 729809 800996 1095379 3127421
9 65193 283199 292327 916690 1397240 1609833 2065544 2310288 3047276
2 17717 79125
5
4 17717 148724 396710 4104000
5 53854 984349 1540113 2386731 3943392
4 5977 1369740 2326784 3299915
6 273458 481827 496951 1076112 1289440 3392060
5 400609 1032850 1156761 1318690 2164249
