# protocol=author-csv
# group_ids=1-based vertex_ids_in_query_file=1-based
# queries=300
# panel_queries=10
# source_query_indices_are_1_based
446073 542567 420004 243380 504896 461488 703452
323844 340113 292426 413700 367514 361308 979977
478008 1053710 1049784 1097477 1092013 695500 266219
923833 346370 844402 505653 798424 160286 541203
1064486 314083 810993 974943 280141 296909 169367
53761 290892 955728 558412 27511 675182 765712
909338 417416 657740 1035287 129181 563609 516862
771895 836854 192703 200741 661525 990448 531265
860415 504399 935034 762682 680801 216870 758571
44153 99381 33578 813441 877461 399291 525140
