# protocol=author-csv
# group_ids=1-based vertex_ids_in_query_file=1-based
# queries=300
# panel_queries=10
# source_query_indices_are_1_based
646233 65668 109654 555942 641700 308081 618062
372294 286253 1659 336196 664007 603559 403961
523782 326762 334307 375578 652280 335399 170689
565686 35244 642438 310073 307955 612719 271615
403306 257825 395921 358268 302379 249221 605074
409150 587181 558373 65929 499006 61841 159610
577408 542397 412273 442519 150252 90714 18857
611399 632806 14368 640665 95549 598010 22649
324351 481423 373879 426298 348019 511952 281557
622495 562579 46137 452217 538936 276975 432015
