10
5
24 568 921 1478 1998 2612 3372 4526 4598 4779 5835 5890 7483 7983 7996 8037 8634 8908 12776 12868 14481 14747 15145 15563 16185
406 64 79 86 115 129 143 149 160 171 196 213 223 274 280 299 302 327 329 422 424 428 432 435 445 446 469 474 486 495 506 531 561 584 587 607 634 639 666 690 706 707 715 727 751 758 775 794 829 835 837 850 870 931 947 951 952 973 974 983 985 986 990 1032 1034 1054 1056 1062 1065 1081 1090 1094 1100 1103 1117 1118 1131 1136 1147 1157 1165 1170 1172 1176 1188 1200 1221 1235 1244 1274 1290 1331 1335 1338 1394 1399 1402 1409 1415 1418 1435 1445 1446 1460 1463 1465 1476 1517 1521 1522 1524 1531 1532 1536 1542 1550 1556 1617 1644 1669 1674 1727 1738 1749 1768 1771 1779 1813 1825 1839 1843 1848 1851 1857 1875 1878 1893 1925 1940 1941 1969 1975 1978 1985 1996 2026 2049 2059 2062 2067 2084 2094 2097 2118 2128 2159 2166 2177 2197 2201 2212 2254 2264 2267 2280 2286 2300 2308 2331 2339 2352 2357 2374 2382 2395 2405 2407 2409 2423 2449 2471 2506 2510 2526 2545 2546 2568 2569 2591 2635 2636 2638 2645 2649 2650 2659 2671 2673 2686 2688 2735 2743 2747 2748 2760 2781 2795 2797 2799 2801 2810 2817 2818 2823 2826 2828 2853 2858 2866 2878 2899 2929 2934 2940 2945 2968 2970 2973 2977 2979 2983 2984 3003 3050 3065 3070 3087 3090 3091 3096 3104 3105 3106 3125 3135 3154 3161 3163 3171 3180 3183 3196 3223 3226 3227 3234 3245 3265 3281 3290 3301 3302 3311 3317 3326 3327 3349 3353 3355 3372 3375 3383 3386 3389 3396 3408 3409 3425 3439 3443 3455 3457 3462 3464 3471 3474 3478 3490 3492 3498 3518 3519 3526 3529 3552 3557 3558 3577 3579 3583 3585 3587 3589 3608 3612 3630 3634 3640 3651 3653 3658 3660 3679 3714 3717 3728 3734 3739 3758 3764 3785 3807 3815 3821 3850 3854 3855 3858 3860 3868 3871 3875 3887 3905 3920 3929 3933 3942 3948 3953 3956 3969 3982 3983 4001 4011 4012 4021 4047 4049 4050 4052 4056 4057 4074 4084 4108 4116 4120 4122 4133 4162 4165 4166 4178 4196 4207 4226 4230 4241 4248 4262 4264 4271 4277 4280 4290 4357 4375 4388 4391 4395 4412 4417 4423 4427 4429 4441 4442 4445 4475 4487 4534 4541 4556 4575 4594 4598 4601 4612 4625 5524 8875 10433 12664 14595 18533
7 4555 6659 8018 10075 10529 11501 13191
45 810 1113 1279 1328 1872 2827 4661 4761 5022 5036 5205 5524 5639 6178 6926 8027 8057 8240 8443 8504 8857 8922 9249 9363 9816 9891 10173 10194 11087 11100 11286 11573 11983 12018 12144 12587 12882 13192 13399 13446 13458 14070 14837 15450 15539
53 209 473 547 711 2069 2305 2778 2820 3336 4134 4351 4708 4803 4832 5616 5802 6102 7055 7321 7387 8046 8137 8415 8647 8666 8944 9029 9334 9839 9914 10066 10884 11197 11310 11437 11444 12229 12438 13022 13490 13632 13662 13878 13918 14258 14423 14649 15335 15364 15577 15705 15741 15749
5
8 342 4759 9629 12209 12519 13782 14853 15549
113 5 113 412 784 840 1115 1281 1533 2088 2116 2468 2477 3278 3331 3341 3399 3646 3864 3872 4330 4350 4629 4664 4882 4926 4973 4990 4996 5079 5143 5442 5830 5907 6358 6506 6605 6687 6688 6969 6972 7084 7331 7358 7368 7528 7532 7745 8003 8164 8179 8213 8222 8257 8468 8488 8621 8701 8905 9030 9167 9311 9504 9537 9567 9816 9838 10110 10521 10867 10931 11117 11130 11346 11588 11677 11726 11783 11796 11877 12044 12284 12307 12442 12464 12521 12612 12633 12882 13345 13458 13521 13619 13937 14031 14040 14122 14261 14489 14509 14599 14614 14639 14742 14823 14894 14943 15108 15137 15368 15513 15589 15605 15800
67 673 1028 1059 1416 2605 3061 3654 4215 4492 4700 4710 4796 4978 5281 5400 5456 5567 5621 5646 6015 6822 6878 7562 7708 7961 8457 8524 9515 9657 9690 9792 10206 10293 10483 10561 10934 11191 11341 11367 11440 11447 11491 11617 11619 11725 11734 11839 12239 12523 12750 12986 13073 13240 13564 13778 13792 13832 14184 14264 14527 14670 14718 14833 14895 15311 15617 15632
68 34 175 507 1022 1792 1994 2276 3958 4094 4602 4978 5134 5281 5507 5534 5756 5881 5906 6171 6487 6563 7761 7816 8031 8532 8782 8883 8959 9176 9802 9993 10105 10336 10561 11090 11271 11440 11443 11649 11725 11732 11922 11926 11991 12073 12286 12357 12711 12765 12822 13405 13581 13909 13962 14260 14359 14503 14516 14670 14685 14870 15351 15373 15485 15520 15584 15739 15802
137 56 99 178 199 245 411 516 789 979 1071 1097 1130 1164 1209 1228 1246 1676 1703 1785 2401 2666 2868 3059 3657 4716 4916 5063 5165 5256 5356 5379 5505 5645 5835 5856 6229 6358 6399 6448 6553 6555 6589 6618 6665 6709 6800 6877 6926 7219 7383 7871 7932 7937 7952 8185 8407 8504 8535 8612 8909 8920 9095 9102 9126 9335 9567 9619 9680 9787 9796 9823 10247 10265 10399 10447 10465 10520 10658 10743 11083 11389 11594 11710 12044 12135 12161 12452 12602 12748 12935 13286 13337 13390 13413 13433 13449 13611 13670 13899 13932 13981 14138 14212 14294 14467 14474 14595 14802 14814 14836 14903 14988 14993 15244 15404 15446 15504 15509 15656 15735 15744 15762 15811 15954 16195 16369 16386 16478 16488 16615 16631 16775 17183 17724 18047 18665 18868
5
157 597 601 982 1044 1380 1448 1886 2299 2484 2697 2921 3185 3220 3248 3767 3811 3949 3999 4007 4203 4308 4523 4682 4905 4940 4989 5118 5126 5308 5330 5613 5838 5878 6039 6089 6092 6174 6188 6305 6321 6428 6560 6777 7201 7262 7277 7608 7915 7986 8128 8423 8653 8681 8793 8884 8897 9063 9255 9456 9509 9575 9644 9679 9743 9769 9882 10030 10051 10116 10128 10133 10160 10187 10238 10390 10412 10472 10556 10557 11025 11112 11146 11342 11424 11448 11486 11567 11708 11743 11948 12023 12151 12263 12305 12380 12388 12488 12493 12506 12582 12620 12641 12846 12898 12950 12975 13179 13207 13208 13252 13300 13333 13377 13425 13510 13513 13578 13591 13624 13751 13760 13764 13769 13823 13908 14041 14056 14182 14263 14280 14449 14486 14487 14501 14528 14588 14656 14706 14759 14782 14787 14859 14866 14879 14888 14971 15112 15128 15169 15192 15195 15218 15268 15445 15615 15619 15640
48 434 1046 1710 1754 1785 2056 3170 3476 4806 5122 5350 5584 5585 5644 5917 6077 6208 7030 7309 7317 7920 7946 8443 8644 8660 8689 9385 9590 9740 9853 9893 10455 10910 10979 11199 11842 12241 12293 12628 12862 13273 13369 13899 13966 14199 14268 15494 15777
12 4653 6226 7265 7954 8122 9783 10135 11828 12071 13260 13554 13860
133 597 730 1023 1456 1626 1794 1850 1999 2192 2697 2921 2947 3337 3639 3744 3951 3999 4034 4111 4359 4542 4695 4905 4983 5250 5449 5462 5581 5687 5758 5878 5904 5961 6003 6089 6103 6137 6188 6305 6359 6691 6863 6921 6988 7046 7545 7621 7630 7738 7754 7777 7915 8234 8361 8985 8989 9034 9361 9448 9467 9501 9583 10096 10141 10195 10292 10307 10310 10311 10341 10489 10558 10860 10915 10958 11314 11354 11395 11529 11548 11632 11667 11835 11923 12154 12157 12262 12474 12493 12532 12721 12752 12845 12846 12943 13264 13300 13424 13440 13545 13567 13587 13755 13818 13867 14041 14096 14103 14177 14182 14306 14386 14411 14462 14505 14588 14635 14645 14656 14706 14951 15112 15130 15135 15305 15312 15345 15445 15463 15544 15652 15764 15809
136 905 1347 1380 1456 1515 1850 1974 2013 3330 3963 4189 4203 4695 4709 4859 4989 5073 5284 5462 5547 5593 5595 5638 5772 6055 6173 6296 6449 6562 6733 6864 6935 7158 7347 7448 7497 7645 7758 7945 8010 8128 8543 8637 8643 8798 8868 8884 9028 9038 9060 9063 9094 9299 9320 9509 9624 9638 9749 9777 9831 10001 10338 10354 10402 10507 10554 10601 10634 10722 10901 10977 11025 11160 11245 11848 11856 11910 11985 12032 12154 12176 12375 12380 12569 12596 12622 12641 12642 12667 12715 12784 12801 13164 13385 13395 13510 13544 13571 13578 13596 13659 13755 13841 13986 14041 14084 14243 14270 14306 14417 14486 14501 14507 14743 14754 14877 14879 14960 14989 15084 15130 15188 15190 15192 15196 15265 15345 15413 15435 15562 15596 15615 15704 15755 15764 15804
5
22 526 930 1879 3751 6968 7767 8041 8803 9131 9303 10751 10930 11783 13090 13315 13370 13930 14554 14560 14733 14869 15174
14 5188 6045 7099 7772 9766 10663 12035 12091 12926 13626 14139 14356 14549 15470
50 145 367 920 940 1019 1246 1382 1644 1699 1820 1839 2250 2431 2490 2610 2682 3192 3689 3720 3906 4287 4524 4580 6318 7259 8472 8646 8650 8674 9525 9701 10670 10809 11181 11282 11321 11383 12399 12612 13730 14198 14534 14547 15151 15288 15686 17694 17920 18852 18855
137 231 259 550 822 999 1089 1145 1168 1340 1371 1444 1791 1886 2021 2192 2745 2829 2943 3015 3114 3839 4308 4530 4568 4585 4877 4969 5029 5073 5349 5453 5547 5733 5734 5758 5885 5912 5916 6248 6295 6644 6733 6813 6887 7032 7185 7262 7390 7888 8010 8609 8955 9028 9299 9321 9395 9467 9583 9592 9624 9799 9882 9923 10216 10328 10341 10390 10393 10646 10969 11241 11431 11460 11564 11708 11776 11802 11966 12015 12097 12260 12450 12488 12541 12569 12597 12622 12665 12671 12675 12897 12906 12950 13210 13482 13657 13679 13755 13758 13773 13917 14101 14213 14218 14240 14320 14339 14550 14588 14607 14662 14706 14799 14832 14911 14935 14989 15004 15084 15159 15169 15171 15185 15188 15418 15463 15486 15537 15572 15619 15688 15763 15764 17960 18662 18832 19031
136 46 79 124 611 637 779 1059 1255 1459 1701 2103 2318 2319 2346 2479 2523 3116 3422 3550 3892 4229 4312 4425 4446 4581 4589 4795 4796 5093 5251 5507 5759 5888 5903 6285 6637 6841 7051 7661 7708 7752 7808 7981 8014 8654 9024 9915 10063 10808 10851 10913 10934 10955 11071 11099 11109 11190 11224 11447 11619 11688 11732 11981 11991 11999 12066 12212 12670 12858 13003 13167 13176 13213 13311 13382 13397 13477 13603 13684 14359 14557 14716 14789 14797 14870 15209 15292 15440 15491 15624 15748 15830 15865 15872 15889 15944 16019 16063 16137 16316 16325 16410 16478 16660 16712 16728 16902 16984 17114 17146 17157 17219 17307 17400 17423 17461 17485 17603 17633 17647 17791 17859 17886 17965 18008 18017 18196 18286 18290 18317 18473 18568 18629 18787 18874 19040
5
135 859 999 1168 1999 2075 2123 2202 2484 2697 2943 2947 3148 3220 3365 3404 3744 4034 4091 4235 4308 4523 5100 5193 5249 5326 5462 5470 5487 5613 5911 5912 5960 6003 6013 6076 6092 6103 6238 6729 6769 6971 7128 7262 7359 7408 7748 7786 8729 8795 8818 9226 9388 9448 9611 9626 9702 9923 10096 10216 10275 11047 11146 11157 11186 11309 11312 11461 11477 11529 11627 11802 11848 11966 12031 12151 12176 12272 12295 12305 12313 12375 12458 12488 12614 12665 12800 13096 13179 13424 13430 13537 13549 13571 13722 13823 13841 13908 13978 13994 14083 14280 14281 14387 14448 14465 14486 14501 14507 14528 14548 14635 14723 14743 14800 14851 14862 14877 14909 14916 14919 14960 14989 15031 15098 15109 15124 15128 15156 15218 15230 15231 15519 15562 15619 15628
130 597 822 1794 1918 1999 2123 2284 2299 2338 2693 2733 2910 3365 3521 3838 3981 4013 4359 4453 4517 4523 4590 4646 4903 4905 4938 4969 4989 5068 5431 5470 5595 5838 5919 6137 6295 6359 6467 6630 6729 6847 7125 7223 7359 7608 7612 7777 7878 8009 8058 8325 8494 8694 8729 8795 8989 9181 9256 9430 9769 9777 9799 9954 10128 10292 10381 10515 10644 10915 10988 11055 11182 11486 11490 11530 11632 11873 11948 11975 12104 12226 12362 12375 12453 12459 12506 12721 12733 12798 12800 12801 12873 12951 12975 13171 13210 13215 13545 13635 13657 13679 13880 14067 14239 14256 14259 14588 14596 14640 14645 14759 14763 14783 14795 14799 14859 14862 14873 14888 14935 15099 15190 15216 15379 15619 15654 15699 15764 15780 15809
142 19 268 423 550 1021 1204 1784 1791 1918 1999 2815 2924 3114 3220 3857 3951 4006 4258 4334 4359 4517 4678 4730 4745 4770 4954 4983 4986 5125 5175 5241 5253 5638 5774 5911 5919 5992 6055 6225 6296 6352 6781 6813 6902 6921 7608 7801 7965 8108 8334 8410 8484 8602 8637 8643 8653 8681 8706 8754 8868 8898 9115 9299 9321 9467 10030 10041 10067 10116 10331 10762 10877 10971 10988 11076 11097 11112 11153 11298 11342 11424 11452 11477 11490 11530 11567 11673 11743 11835 11890 11966 12226 12305 12353 12360 12458 12532 12580 12591 12596 12671 12771 12902 12933 13175 13309 13339 13411 13536 13596 13698 13764 13818 13823 13841 13843 13880 13946 14082 14091 14174 14213 14240 14281 14341 14399 14561 14640 14868 14883 14969 15085 15303 15305 15341 15413 15470 15654 15704 15718 15755 15764
28 3754 3924 4127 4336 5122 6006 6179 6709 7024 7166 8027 8112 8634 8635 8908 9161 9893 10698 11473 11615 12817 12931 12935 14095 14544 14822 14882 15280
263 170 178 285 333 570 774 862 1224 1359 1441 1504 1806 1864 1976 1980 2047 2272 2285 2291 2322 2364 2401 2634 2894 3168 3206 3256 3430 3440 3843 4038 4640 4852 4900 4929 4946 4992 5014 5017 5094 5114 5147 5211 5361 5379 5497 5627 5634 5636 5688 5815 5941 6157 6251 6326 6341 6367 6371 6400 6491 6528 6555 6576 6837 6842 6880 7012 7014 7023 7105 7192 7244 7300 7343 7383 7438 7539 7687 7740 7781 7857 7881 7932 7969 8089 8185 8230 8372 8388 8418 8452 8489 8505 8534 8606 8612 8638 8641 9014 9039 9047 9124 9188 9233 9286 9294 9306 9335 9411 9440 9521 9640 9712 9773 9779 9837 9985 9989 10052 10056 10122 10132 10155 10159 10161 10181 10291 10308 10323 10399 10454 10485 10578 10645 10671 10701 10717 10760 10797 10950 10982 11007 11125 11178 11381 11450 11454 11571 11585 11606 11629 11710 11713 11736 11870 11892 11925 11943 11956 11974 11979 12051 12085 12150 12200 12235 12323 12344 12431 12452 12499 12602 12646 12666 12687 12756 12758 12863 12894 13005 13043 13068 13106 13172 13325 13329 13337 13413 13475 13488 13495 13627 13638 13660 13709 13727 13729 13732 13736 13783 13786 13800 13801 13833 13852 14010 14024 14097 14146 14159 14172 14234 14265 14314 14344 14368 14467 14473 14474 14498 14518 14522 14619 14627 14658 14744 14802 14814 14827 14831 14979 14984 14985 15012 15048 15074 15079 15105 15118 15125 15150 15172 15194 15203 15228 15244 15309 15319 15375 15446 15465 15477 15505 15508 15523 15529 15536 15613 15717 15722 15735 15790 15791
5
51 1395 2639 3186 3750 4160 4440 4723 6196 6226 6489 6553 6634 6736 7000 7148 7405 7499 7726 8182 8649 8858 8867 8990 9148 9223 9649 9794 10069 10215 10446 10518 10833 10863 11299 11338 11479 11884 12477 12805 12827 13331 13620 14303 14347 14383 14952 15097 15132 15324 15550 15758
38 50 57 269 340 696 1020 1261 2354 2664 2944 3263 3480 3810 3928 3942 4123 4131 4143 4340 4875 5422 7479 7557 7867 7871 7875 7882 7887 7889 7891 7893 7898 7899 7990 17479 17480 17560 18568
6 7938 10827 13306 13844 14616 14711
21 599 696 1167 1854 4225 5384 5884 6652 7159 7441 8034 8130 8699 9195 10595 11076 12601 14149 15526 15743 16185
9 6178 8158 8294 9260 11763 13353 13613 13796 15563
5
60 175 961 1061 1255 1296 1660 2318 2474 2479 2674 3921 3965 4978 5112 5134 5507 5534 5673 5975 6064 6487 7079 7364 7933 7964 7998 8043 8106 8248 8255 8524 8830 8853 9098 9267 10156 10206 10668 10898 11443 11491 11647 11900 11999 12073 12221 12393 12652 12878 12993 13114 13167 13405 13959 14018 14051 14102 14673 15369 15500
12 4706 6050 6721 6812 7980 8632 9113 10184 11252 12223 12624 13613
81 1076 1212 1610 3435 3555 3864 4348 4904 4906 4973 5717 5900 5922 5936 6318 6556 6621 6771 6835 6968 7368 7627 7818 8003 8041 8210 8268 8291 8472 8674 8892 9015 9033 9081 9106 9303 9359 9525 9537 9980 10153 10209 10488 10544 10781 11253 11282 11321 11470 11487 11628 11797 12088 12399 12442 12612 13168 13370 13403 13492 13562 13812 13872 13930 14111 14198 14261 14400 14489 14542 14733 14776 15078 15090 15091 15138 15151 15361 15670 15686 15756
2 9339 9534
173 10 69 258 286 488 491 543 626 763 911 1107 1226 1273 1282 1307 1325 1329 1444 1528 1701 1908 2491 2554 2975 3156 3179 3444 3503 3617 3765 4243 4402 4497 4539 4593 4766 4777 4835 5093 5239 5681 6035 6206 6374 6790 7482 7651 7958 8213 8522 8570 9009 9059 9203 9252 9412 9596 9921 10112 10534 11116 11190 12255 12351 12931 13213 14181 14791 15342 15819 15845 15857 15863 15912 15916 15967 16040 16127 16168 16193 16211 16242 16302 16351 16356 16377 16391 16501 16509 16514 16519 16539 16550 16558 16581 16593 16611 16623 16687 16696 16731 16765 16771 16798 16807 16819 16842 16901 16904 16908 16918 16967 17003 17022 17024 17034 17038 17042 17052 17110 17160 17256 17262 17326 17335 17400 17404 17432 17442 17452 17539 17544 17571 17575 17611 17722 17726 17769 17800 17861 17908 17939 17997 18047 18080 18083 18153 18248 18262 18279 18298 18300 18322 18326 18450 18466 18474 18487 18517 18528 18565 18582 18666 18668 18669 18758 18797 18851 18904 18927 18988 19042 19093
5
116 15 701 1670 1754 2140 2785 2930 3076 3595 3832 4365 4868 4945 5582 5604 5617 5647 5841 5967 6047 6054 6111 6216 6342 6455 6553 6616 6618 6634 6668 6760 6773 6800 6834 6903 6933 7003 7097 7161 7162 7166 7461 7483 7544 7594 7600 7822 7907 7944 8011 8143 8263 8404 8406 8516 8829 8834 8863 9165 9409 9602 9761 9819 9877 9890 9892 9893 9945 9977 10194 10197 10321 10820 10826 10845 10855 11116 11128 11199 11279 11287 11356 11441 11661 11978 12027 12161 12273 12330 12423 12525 13103 13206 13217 13332 13494 13885 13921 14138 14396 14552 14593 14707 14852 14863 14963 15081 15087 15339 15355 15396 15471 15504 15513 15565 15738
19 512 4065 4306 4336 4499 5946 6649 7389 8001 8176 9587 10499 12882 14350 14414 15146 15326 15611 15738
111 453 568 1224 1546 1754 2400 2401 2494 2533 3126 3299 3430 4038 4349 4414 4837 4865 4870 4930 4946 5123 5385 5637 5745 5864 6114 6118 6253 6326 6472 6525 6967 7322 7380 7423 7475 7594 7600 7778 7944 7960 8027 8154 8256 8414 8418 8510 8932 9057 9193 9233 9247 9294 9440 9480 9521 9546 9712 9713 10247 10411 10436 10632 10671 10701 10758 10855 11141 11784 11870 11883 11902 12207 12235 12349 12600 12685 12695 12734 12756 12844 12894 12895 12911 12990 13106 13152 13299 13374 13436 13445 13614 13627 13988 14366 14370 14385 14498 14612 14658 14742 14814 14890 14950 14996 15029 15182 15459 15508 15529 15784
156 170 239 260 847 1037 1224 1426 1822 2056 2364 2572 2581 3076 3418 3495 3555 3627 3803 3902 4440 4527 4764 4808 4837 4929 5069 5105 5246 5414 5438 5556 5629 5644 5803 5870 5970 6022 6062 6251 6439 6585 6621 6757 6762 6810 6835 6879 7090 7100 7153 7362 7368 7495 7514 7522 7539 7689 7704 7725 7780 7890 7984 8312 8638 8674 8741 8857 9014 9090 9240 9338 9343 9717 9810 9837 9893 9996 10080 10186 10210 10645 10654 10768 11260 11504 11585 11594 11643 11652 11797 11870 11925 12044 12099 12127 12172 12177 12197 12484 12657 12687 12724 12725 12888 12949 12984 13005 13046 13068 13102 13140 13177 13319 13353 13367 13398 13492 13643 13645 13677 13709 13768 13837 13864 13874 13956 14090 14138 14159 14236 14313 14314 14498 14586 14668 14695 14744 14811 14827 14840 14869 14901 14990 15012 15088 15094 15103 15106 15138 15194 15361 15375 15428 15518 15536 15700
15 2836 4006 4225 5884 6481 7099 9172 9534 9785 10525 10551 14517 14605 14881 15743
5
102 1044 1141 2021 2699 2733 3220 3337 3668 3970 4203 4439 4528 4692 4989 5178 5193 5199 5464 5758 5874 5961 6813 7201 7236 7262 7294 7305 7347 7448 7621 7670 7695 7786 8109 8156 8438 8446 8965 8988 9051 9060 9284 9321 9389 9575 9954 10195 10238 10240 10328 10491 10556 10592 10877 10956 11025 11043 11097 11154 11212 11354 11480 11516 11556 12089 12114 12173 12262 12388 12591 12642 12850 12951 13179 13300 13421 13588 13596 13788 13813 14109 14232 14239 14304 14501 14656 14700 14706 14782 14842 14961 15027 15060 15084 15294 15345 15486 15547 15619 15652 15697 15709
11 388 5208 8968 9826 10610 10756 13621 14176 14301 14564 15354
4 6560 7190 11317 12189
38 2933 4480 4761 5523 6342 6649 6770 6773 6800 7706 8127 8170 8507 8792 8932 9257 9587 9602 9960 10208 10282 10430 11084 11853 12786 13047 13079 13090 13152 14284 14541 14558 14894 14986 15132 15160 15349 15796
136 163 199 210 358 503 725 1076 1482 1532 1610 1659 2071 2581 2961 3021 3099 3325 3342 3435 3541 3569 3611 3735 3783 3791 3836 3902 4010 4666 4904 4915 4973 5012 5097 5344 5857 5971 6032 6090 6149 6318 6358 6508 6512 6621 6798 6925 7638 7767 8003 8041 8061 8472 8522 8674 8698 8837 8925 9007 9033 9163 9279 9303 9359 9403 10209 10488 10544 10674 10745 10781 11050 11253 11282 11333 11435 11487 11836 12088 12177 12298 12319 12399 12472 12885 12963 13108 13209 13370 13402 13403 13500 13599 13872 14111 14261 14299 14400 14489 14542 14573 14624 14731 14733 14796 14813 15078 15138 15151 15286 15331 15703 15907 16105 16140 16141 16146 16210 16363 16545 16611 16696 16721 16884 17563 18028 18068 18262 18388 18519 18540 18720 18877 19026 19091 19101
5
26 1854 3384 3824 4006 4986 5175 5406 5766 6352 8768 9740 10525 10602 11280 11524 11841 12236 12252 12601 12926 13306 14175 14341 14388 14953 15303
28 113 499 3128 4792 5165 5841 5855 6415 7745 7851 8197 8198 8365 9224 9567 9649 10194 10286 10817 11546 12502 12746 12955 13296 13526 15471 15555 15627
128 259 388 423 1662 1918 1962 2416 2651 3235 3338 3981 4007 4334 4439 4668 4696 5055 5065 5068 5073 5154 5178 5198 5208 5449 5733 5744 5961 6177 6577 6652 6693 6729 6733 6921 7262 7347 7473 7811 8101 8109 8208 8708 8773 8795 8931 9060 9094 9372 9389 9430 9489 9501 9809 9886 9999 10001 10067 10154 10238 10292 10311 10598 10646 10956 11112 11122 11241 11354 11431 11458 11461 11486 11534 11627 11667 11817 11867 11967 12097 12199 12313 12614 12671 12771 12801 12897 12933 13010 13015 13096 13123 13164 13266 13336 13416 13511 13549 13602 13605 13640 13674 13708 13760 14087 14139 14219 14239 14259 14417 14490 14514 14605 14682 14799 14805 14915 15112 15122 15135 15159 15260 15277 15454 15486 15559 15654 15709
36 151 301 642 867 2023 3403 4790 5232 5587 5973 6302 6625 6681 7017 7589 7716 7824 7840 8267 8399 8404 9250 9398 9767 9852 10478 10759 10880 12007 12484 12703 13345 13940 14142 14892 15025
10 4499 5376 5792 6194 6465 9221 10581 12544 14801 15197
