10
7
16 1854 2749 3384 5384 6225 6481 6574 7811 8208 10684 12601 13605 13626 14286 14838 14953
125 597 795 871 910 956 1791 1887 2070 2815 2859 2921 3378 4111 4208 4600 4678 4787 4898 5010 5126 5193 5325 5326 5402 5410 5546 5595 5713 5738 5878 5885 5896 5916 6078 6608 6609 6863 7359 7554 7764 8225 8729 8841 9051 9052 9244 9448 9583 9923 10051 10067 10187 10273 10349 10468 10587 10633 10634 10722 10920 10975 11006 11025 11112 11241 11512 11534 11575 11638 11747 11960 12132 12272 12415 12444 12450 12773 12898 12950 13156 13249 13309 13372 13424 13511 13514 13578 13659 13674 13742 13754 13867 13917 13929 13964 14083 14210 14271 14306 14421 14485 14656 14780 14793 14795 14799 14957 14971 15067 15084 15085 15122 15176 15265 15294 15337 15379 15418 15435 15454 15458 15463 15567 15688 15788
19 2408 3667 4518 6335 6385 7487 7937 8875 9019 9210 9728 10632 10676 11337 11777 12980 13796 15145 15146
12 4253 5127 6636 6688 8264 8736 8769 11221 11313 14586 14714 15280
11 6448 7135 9842 10654 10658 10660 11393 14145 15029 15291 15656
79 354 668 785 1305 1837 2429 2627 2782 3092 3277 3453 3680 3724 3937 3974 4683 5216 5289 5302 5586 5630 5654 5794 5977 6019 6217 6232 6743 7051 7596 7601 7873 9199 9470 9552 9563 9845 10104 10575 10707 10796 10809 10828 11263 11515 11953 12077 12181 12400 13023 13590 13886 13970 14124 14255 14484 14532 14745 15256 16212 16331 16366 16493 16507 16609 16751 16755 16921 16990 16994 17226 17536 17639 17727 18155 18456 19032 19046 19104
77 60 172 230 637 886 1092 1651 1981 2457 2479 2690 2728 3041 3115 3602 4186 4304 4820 4872 4958 5000 5251 5365 5456 5515 5975 6398 6487 6563 6641 6878 7143 7290 7562 7708 7790 7796 7961 7998 8177 8202 8329 8532 8839 8871 9580 9581 9677 10344 10661 11205 11418 11443 11491 11554 11964 12084 12774 12914 13307 13579 13832 14238 14260 14290 14402 14702 14789 15269 15292 15311 15372 15715 15739 15792 15905 18665
7
1 355
14 5115 5120 5342 5893 7600 7745 9121 9940 10110 12502 13932 14823 15250 15513
128 137 214 437 470 516 605 719 740 789 814 837 846 938 1136 1372 1464 1473 1540 1843 1856 1857 1941 1998 2038 2060 2062 2072 2084 2154 2226 2296 2300 2348 2377 2413 2419 2423 2426 2435 2442 2756 2773 2823 2893 2899 2954 2968 2987 3007 3046 3059 3105 3154 3175 3225 3260 3301 3347 3419 3424 3443 3457 3462 3488 3530 3546 3606 3612 3633 3660 3696 3709 3732 3867 3901 3920 3945 3969 3983 4063 4110 4125 4168 4177 4195 4224 4241 4259 4276 4329 4362 4374 4473 4571 4591 4594 4606 4628 4685 4790 5561 6030 6350 6408 6597 6664 7060 9616 9936 10259 10847 12485 12776 12851 12953 13170 14179 15288 15712 16335 16589 16756 16939 17248 17373 17439 19023 19043
22 148 194 238 256 328 1010 1242 1549 2957 3081 4006 4172 5081 7054 9372 10595 11280 11586 11867 14514 15743 16185
29 1547 1570 3342 3851 5543 5578 5651 6228 6325 6384 6553 6823 7465 7492 8679 9042 9066 10360 10625 10670 10779 10843 11853 12465 13539 14071 14298 14869 15389
27 345 599 3824 4514 6225 6468 6689 6924 7183 7304 7542 7938 8209 9139 10542 11105 11262 11524 11739 11841 12926 13776 13870 14087 14149 14514 15299
10 1646 1854 5125 5766 5884 8209 9809 11867 12167 14149
7
167 103 215 822 999 1088 1141 1168 1340 1371 1586 1626 1791 2124 2644 2964 3148 3236 3710 3788 3951 4034 4208 4249 4568 4604 4646 4692 4696 4787 4908 4938 4940 4986 4989 5126 5193 5250 5462 5536 5581 5593 5707 5733 5738 5744 6065 6103 6177 6188 6225 6428 6467 6608 6691 6769 6781 6850 6945 7118 7159 7294 7554 7695 7748 7754 7766 7938 7945 8049 8225 8609 8708 9094 9321 9361 9370 9751 9984 10051 10160 10296 10331 10362 10390 10394 10472 10491 10542 10672 10780 10877 10896 10941 10988 10994 11076 11208 11342 11431 11436 11460 11867 11890 11910 12203 12287 12302 12362 12415 12641 12667 12933 12943 13175 13179 13229 13292 13298 13385 13416 13511 13513 13578 13596 13816 13844 13861 13986 14065 14073 14087 14091 14174 14219 14334 14341 14421 14571 14645 14763 14787 14793 14805 14865 14904 14947 14971 15084 15098 15124 15192 15223 15278 15294 15422 15458 15463 15507 15544 15572 15640 15652 15674 15683 15718 15774 15780
72 748 1113 1159 1249 2765 3177 3401 3683 4267 4693 4880 5105 5120 6190 6331 6344 6351 6401 6513 6586 6721 6799 7104 7109 7480 7481 7950 8205 8240 8241 8384 8481 8548 8586 8625 8917 9023 9092 9202 9823 10017 10194 10568 11077 11130 11601 11644 11888 11897 12003 12043 12256 12309 12502 12546 12661 12953 13080 13136 13244 13270 13373 13546 14050 14138 14223 14321 14722 15069 15347 15618 15786
14 897 3824 4514 4971 5175 5766 8513 8990 9155 10542 11076 11845 13816 15743
33 74 1225 5102 5248 6196 6414 6540 6549 6613 6617 6649 7317 7617 7701 7845 8566 8990 9240 9260 10906 12445 12549 12632 13438 13730 13977 14534 14547 14643 14812 14830 15387 15437
10 2551 4621 5081 9753 10663 10932 12167 14087 14517 15303
55 570 598 825 973 1359 1525 1978 2437 2543 2591 2810 2927 3144 3327 3375 3634 3636 3693 3728 3822 3847 3977 4084 4466 4992 6669 6880 7244 7343 8185 8505 9047 9150 9294 9779 10056 10797 11125 11571 11585 13709 13763 13786 14010 14290 14474 14831 15465 15717 15905 15913 17204 18665 18799 18965
121 103 505 795 859 972 1371 1431 1662 1918 2021 2338 2651 2829 2964 4099 4121 4355 4644 4668 4859 4936 5118 5195 5284 5349 5563 5595 5721 5916 5943 6234 6644 6691 6850 6934 6936 7185 7341 7556 7670 7684 7936 8101 8108 8116 8396 8708 9038 9048 9051 9078 9170 9255 9320 9361 9495 9570 9799 9886 10068 10238 10472 10503 10547 10876 10901 11154 11160 11179 11323 11567 11575 11595 11835 11917 11955 11975 12089 12132 12154 12265 12302 12313 12372 12562 12596 12613 12639 12829 12845 13045 13229 13416 13531 13695 13711 13746 13754 13908 14219 14232 14281 14306 14411 14487 14505 14743 14754 14773 14805 14832 14851 14933 15171 15190 15216 15345 15431 15463 15517 15537
7
18 4580 4716 5901 6816 7368 8892 10465 10846 11253 11282 12510 13364 13812 13930 14261 14542 14776 15078
22 701 3217 3431 4918 4995 6170 7493 8105 8267 8724 9092 10246 11049 11199 11416 11501 12797 12805 13191 13346 13442 14586
68 230 1928 1994 2509 2605 3422 3921 4700 4788 4978 5000 5420 5682 5756 5765 6171 6533 6632 6637 7457 7661 7700 7731 7964 8014 8106 8278 8389 8654 8883 8939 9098 9101 9367 9715 10118 10254 10490 10545 10824 11028 11269 11734 12130 12208 12212 12652 12711 12765 12878 13240 13265 13491 13603 14030 14075 14081 14184 14359 14718 14741 14789 15292 15366 15372 15574 15739 15761
61 1155 1355 1900 3141 3845 3921 3965 4197 4551 4694 5005 5050 5927 6437 6530 7457 7769 8173 8669 8683 8830 9185 9220 9267 9349 9413 9576 9657 9792 9802 10105 10383 11387 11617 11619 11926 11964 11991 12279 12512 12858 13003 13073 13167 13240 13317 13832 13895 14000 14102 14120 14184 14327 14402 14685 14797 14870 15149 15584 15607 15617
91 184 701 1224 1910 2627 2869 3437 3504 4228 4299 4507 4640 4723 5211 5340 5361 5659 6077 6304 7327 7834 7861 8064 8222 8489 8612 8906 9042 9124 9521 9552 9554 9560 9669 9765 9845 9893 9907 10032 10465 10516 10740 11515 11698 11885 12000 12036 12077 12085 12200 12232 12241 12335 12521 12637 12756 12974 12988 13048 13106 13325 13413 13530 13558 13566 13607 13660 13700 13729 13800 13852 13953 13960 14004 14010 14159 14172 14461 14532 14619 14655 14831 15012 15074 15477 15502 15679 15700 15717 15722 15736
173 61 81 644 924 960 999 1011 1104 1141 1274 1380 1579 1627 1974 2299 2599 2644 2651 2728 2735 2982 3185 3192 3378 3489 3496 3639 3710 3729 3906 3943 3963 4034 4190 4356 4439 4628 4787 4969 5055 5065 5178 5194 5230 5250 5253 5293 5349 5381 5434 5443 5546 5613 5874 5878 6174 6321 6565 6603 6693 6740 6935 7125 7185 7608 7748 7763 7888 8030 8225 8325 8361 8423 8652 8708 8808 8989 9244 9256 9284 9321 9370 9459 9575 9583 9611 9644 9725 9807 9858 10133 10160 10188 10238 10306 10440 10468 10557 10762 10998 11154 11395 11414 11436 11448 11575 11743 11808 11835 11874 11890 11966 12114 12143 12160 12297 12458 12493 12518 12597 12614 12642 12890 12956 13054 13179 13385 13421 13424 13482 13536 13537 13587 13635 13715 13764 13803 13813 13867 13917 13929 14084 14137 14177 14302 14462 14706 14743 14761 14841 14877 14918 14930 14935 14956 15112 15176 15388 15552 15697 15699 15718 15778 16641 16897 17196 17227 17595 18005 18451 18470 18862 18935
1 5861
7
37 33 170 699 1806 2894 3440 4640 5014 5147 6251 6576 6842 7687 7845 7969 8213 8372 9440 9890 10399 11756 12150 12701 12987 13071 13325 13475 14314 14522 14619 14627 14744 14814 15105 15125 15194 15698
144 81 423 739 999 1088 1700 1886 2013 2070 2284 2699 2921 2985 3668 3674 3678 3838 3839 3970 4034 4249 4356 4453 4678 5051 5055 5154 5177 5284 5326 5349 5697 5916 5944 6497 6577 6578 6740 6936 7089 7158 7347 7545 7763 7764 8128 8310 8438 9052 9361 9644 9702 9799 10001 10030 10141 10154 10238 10269 10306 10307 10328 10554 10598 10789 10914 10956 10969 11000 11002 11146 11182 11395 11480 11534 11545 11575 11627 11730 11743 11977 12037 12157 12163 12173 12209 12295 12299 12375 12436 12459 12486 12531 12562 12641 12773 12850 12933 13096 13208 13249 13416 13522 13571 13679 13701 13818 13924 13978 14082 14083 14084 14096 14218 14240 14256 14417 14440 14640 14730 14754 14842 14877 14883 14969 14971 14991 15031 15076 15112 15130 15159 15163 15229 15230 15231 15260 15268 15426 15458 15615 15628 15652 15664
51 496 1001 1046 2242 4526 4535 5701 6196 6318 6757 6771 6776 6968 7102 7219 7474 7499 7739 8041 8217 8268 8512 8863 9015 9058 9116 9675 9732 10209 10247 11013 11145 11368 12126 12177 12292 12423 13059 13102 13150 13391 13492 13650 13872 14111 14185 14202 14595 15081 15177 15555
197 285 354 364 476 665 907 978 1224 1309 1452 1514 1540 1806 1864 1980 2027 2028 2078 2156 2401 2435 2491 2691 2894 2952 2957 3099 3113 3117 3120 3182 3456 3549 3676 3843 4040 4132 4217 4370 4409 4540 4725 4741 4809 4812 4904 5002 5214 5688 5741 5862 6146 6157 6199 6249 6318 6332 6349 6534 6555 6667 6764 6789 6837 6925 6979 7060 7105 7248 7301 7438 7627 7646 7717 7873 8016 8044 8112 8121 8157 8166 8269 8333 8452 8538 8724 8921 9056 9221 9286 9303 9342 9470 9492 9845 10044 10056 10075 10327 10585 10797 10807 10998 11364 12040 12200 12206 12576 12666 12797 12862 13085 13108 13245 13403 13413 13590 13727 13728 13786 13800 13899 14010 14024 14255 14329 14344 14467 14472 14982 15141 15459 15727 15872 15934 15938 15956 15982 16000 16204 16307 16340 16460 16549 16553 16569 16631 16651 16687 16690 16727 16735 16817 16823 16826 16918 16919 16948 16965 17092 17101 17140 17322 17342 17403 17583 17591 17626 17643 17645 17653 17676 17680 17706 17814 17903 17933 17967 17973 17985 18000 18097 18290 18385 18543 18557 18660 18698 18705 18707 18797 18887 18941 18997 19012 19042 19096
1147 34 45 103 172 230 268 323 402 409 427 462 505 550 569 589 599 628 695 747 823 864 894 897 905 910 960 999 1002 1021 1022 1028 1044 1057 1110 1145 1155 1201 1204 1245 1255 1269 1276 1287 1396 1423 1448 1449 1590 1603 1646 1742 1784 1794 1807 1850 1918 1962 1972 1991 1994 1999 2050 2266 2276 2301 2303 2309 2319 2417 2484 2509 2551 2620 2651 2669 2697 2699 2708 2733 2749 2785 2789 2819 2829 2834 2836 2910 2943 2982 3061 3094 3141 3167 3211 3220 3330 3367 3378 3387 3417 3422 3458 3522 3593 3639 3678 3742 3753 3787 3788 3808 3811 3818 3824 3839 3857 3951 3958 3965 3970 3981 3999 4006 4016 4034 4035 4082 4091 4094 4095 4099 4111 4197 4203 4234 4235 4307 4308 4334 4356 4359 4373 4390 4406 4407 4453 4463 4513 4519 4523 4600 4618 4644 4668 4678 4696 4707 4761 4770 4787 4788 4792 4796 4800 4848 4859 4876 4880 4898 4905 4928 4936 4952 4969 4971 4978 4981 4984 4986 4993 5002 5005 5010 5011 5034 5050 5092 5102 5112 5129 5138 5150 5154 5177 5195 5198 5210 5241 5248 5250 5281 5284 5293 5303 5319 5325 5331 5345 5350 5364 5384 5402 5411 5423 5431 5437 5462 5464 5470 5480 5483 5510 5515 5534 5547 5554 5564 5567 5593 5595 5613 5633 5638 5655 5657 5673 5682 5707 5721 5733 5734 5744 5756 5758 5765 5766 5772 5805 5874 5878 5881 5884 5885 5887 5892 5904 5975 5980 6003 6013 6014 6059 6064 6065 6076 6084 6089 6092 6097 6112 6127 6171 6173 6177 6188 6219 6225 6238 6241 6268 6277 6286 6288 6296 6305 6352 6357 6398 6402 6410 6431 6467 6519 6522 6533 6541 6546 6547 6549 6552 6563 6569 6572 6577 6578 6596 6632 6652 6826 6832 6840 6843 6845 6878 6889 6902 6931 6936 6951 6970 6971 6984 6988 6997 7032 7039 7054 7100 7118 7125 7136 7158 7175 7181 7201 7223 7236 7304 7305 7328 7347 7363 7390 7441 7455 7456 7473 7521 7535 7540 7542 7545 7546 7562 7567 7583 7609 7610 7645 7670 7684 7715 7721 7722 7731 7742 7748 7758 7761 7763 7764 7769 7772 7789 7791 7808 7816 7853 7874 7918 7923 7927 7933 7964 7972 7976 8009 8010 8014 8025 8028 8031 8043 8049 8058 8087 8101 8109 8116 8149 8159 8209 8236 8250 8324 8325 8329 8376 8392 8398 8408 8410 8446 8451 8494 8513 8531 8532 8546 8558 8559 8564 8583 8587 8602 8609 8636 8637 8646 8653 8681 8683 8693 8694 8705 8706 8708 8729 8738 8752 8768 8772 8777 8779 8806 8813 8827 8830 8835 8839 8897 8898 8911 8931 8955 8959 8965 8988 8993 9038 9040 9051 9054 9057 9077 9085 9087 9091 9094 9098 9103 9107 9115 9134 9135 9137 9151 9153 9156 9177 9181 9185 9190 9220 9244 9293 9299 9344 9354 9370 9371 9372 9388 9389 9438 9441 9457 9459 9461 9467 9496 9498 9501 9516 9557 9559 9569 9576 9580 9581 9611 9613 9626 9644 9649 9657 9664 9666 9670 9679 9690 9706 9708 9722 9728 9743 9751 9766 9785 9789 9792 9795 9802 9807 9809 9811 9821 9827 9831 9858 9882 9905 9923 9954 9956 9965 9999 10000 10018 10021 10030 10038 10068 10098 10102 10108 10116 10133 10141 10154 10156 10166 10177 10187 10195 10206 10240 10254 10264 10271 10275 10283 10292 10296 10307 10309 10319 10324 10331 10338 10341 10342 10346 10353 10362 10381 10389 10394 10402 10412 10468 10483 10490 10491 10493 10514 10515 10525 10532 10543 10551 10554 10557 10561 10587 10592 10602 10604 10608 10612 10631 10633 10637 10646 10649 10663 10672 10673 10680 10682 10684 10712 10757 10771 10780 10825 10851 10860 10872 10895 10901 10914 10915 10953 10975 10977 10994 11002 11006 11016 11025 11031 11042 11062 11065 11075 11078 11101 11105 11107 11122 11152 11159 11176 11182 11186 11187 11191 11225 11228 11232 11241 11243 11245 11267 11269 11271 11288 11311 11316 11323 11341 11342 11367 11378 11387 11404 11408 11410 11417 11418 11422 11424 11429 11436 11443 11445 11452 11458 11471 11480 11488 11489 11499 11513 11524 11529 11534 11545 11547 11556 11564 11565 11575 11595 11601 11616 11617 11619 11626 11633 11638 11647 11658 11664 11675 11691 11708 11714 11725 11730 11734 11743 11747 11750 11761 11772 11785 11801 11802 11808 11817 11820 11824 11839 11841 11847 11853 11856 11876 11903 11906 11909 11910 11917 11923 11939 11948 11955 12028 12031 12034 12038 12066 12091 12104 12114 12132 12134 12154 12157 12160 12164 12167 12199 12202 12204 12208 12212 12226 12236 12239 12261 12262 12275 12279 12287 12291 12295 12297 12302 12304 12306 12311 12321 12328 12342 12347 12357 12362 12380 12388 12412 12437 12439 12450 12474 12488 12506 12512 12513 12519 12523 12552 12553 12556 12562 12589 12613 12634 12636 12641 12662 12664 12667 12681 12684 12692 12713 12715 12717 12721 12728 12733 12750 12752 12765 12766 12771 12773 12798 12801 12804 12808 12810 12829 12846 12852 12858 12864 12873 12887 12902 12903 12914 12916 12958 12966 12975 12989 12993 13012 13015 13018 13045 13054 13061 13062 13073 13125 13141 13144 13154 13155 13156 13163 13164 13175 13192 13207 13214 13222 13236 13249 13253 13254 13265 13292 13295 13300 13307 13308 13317 13333 13368 13377 13385 13397 13407 13411 13412 13416 13425 13430 13441 13451 13455 13471 13513 13518 13531 13536 13542 13579 13587 13596 13605 13616 13624 13626 13634 13639 13640 13641 13657 13669 13675 13695 13698 13711 13722 13723 13744 13746 13751 13760 13764 13772 13776 13781 13813 13816 13880 13897 13907 13908 13914 13935 13946 13952 13959 13962 13976 13986 13991 13994 14000 14051 14054 14056 14058 14078 14081 14082 14083 14085 14087 14094 14101 14135 14136 14147 14149 14150 14158 14163 14174 14175 14180 14184 14210 14226 14232 14239 14240 14243 14259 14260 14280 14281 14288 14291 14296 14303 14325 14336 14341 14342 14352 14353 14367 14369 14374 14387 14399 14417 14421 14431 14448 14462 14465 14475 14477 14485 14487 14490 14494 14497 14503 14514 14531 14549 14557 14561 14569 14577 14598 14601 14605 14616 14630 14637 14653 14670 14673 14675 14686 14700 14716 14719 14741 14743 14749 14755 14759 14761 14766 14767 14771 14773 14780 14782 14783 14789 14793 14794 14797 14800 14830 14833 14838 14841 14851 14853 14859 14873 14889 14903 14911 14918 14933 14935 14957 14971 14982 14991 15002 15009 15010 15024 15027 15028 15031 15045 15062 15070 15084 15095 15098 15099 15121 15122 15126 15149 15153 15156 15159 15171 15176 15185 15192 15195 15206 15209 15217 15218 15223 15230 15234 15260 15269 15305 15316 15378 15380 15382 15392 15393 15416 15426 15431 15433 15454 15486 15493 15507 15515 15548 15559 15562 15580 15582 15588 15596 15617 15619 15628 15632 15648 15654 15664 15688 15694 15707 15709 15718 15720 15723 15742 15743 15745 15774 15780 15783 15785 15792 15809
145 268 606 972 1347 1886 1999 2123 2484 2985 3185 3235 3782 3838 4189 4208 4392 4439 4517 4523 4668 4866 4910 5043 5195 5326 5470 5547 5687 5734 5770 5847 5885 5919 5944 5960 6089 6603 6864 6935 7039 7099 7189 7305 7408 7473 7540 7608 7764 7801 7874 7908 8049 8116 8159 8327 8378 8438 8484 8653 8798 8884 8965 8989 9190 9256 9361 9389 9494 9501 10160 10167 10275 10402 10469 10566 11002 11105 11160 11314 11586 11607 11664 11759 11772 11873 11890 11960 11966 11967 12028 12031 12132 12157 12275 12342 12353 12360 12362 12444 12453 12458 12486 12506 12601 12721 12733 12798 12951 13015 13054 13141 13155 13274 13441 13510 13624 13708 13781 13823 14067 14158 14210 14259 14280 14281 14411 14490 14497 14607 14654 14773 14795 14805 14868 14915 15121 15153 15312 15316 15431 15463 15567 15659 15688 15778
447 38 73 366 389 479 491 494 502 509 529 530 532 540 652 691 704 807 845 911 1026 1041 1077 1132 1166 1234 1246 1323 1351 1410 1443 1472 1581 1591 1597 1601 1615 1741 1861 1870 1966 2033 2074 2102 2103 2152 2229 2238 2242 2253 2292 2350 2381 2450 2512 2617 2629 2668 2675 2724 2771 2772 2873 2896 2901 2944 2952 3058 3059 3092 3110 3111 3139 3149 3193 3198 3218 3304 3334 3396 3565 3584 3659 3684 3734 3756 3757 3885 3964 4058 4081 4102 4127 4144 4211 4247 4304 4428 4593 4607 4746 4795 4811 4838 4958 4980 4988 5062 5067 5099 5148 5169 5220 5234 5268 5358 5368 5389 5391 5404 5458 5513 5552 5555 5695 5719 5784 5807 5834 5845 5846 5977 5996 6046 6126 6332 6369 6381 6447 6517 6564 6593 6600 6622 6706 6752 6763 6789 6836 6841 6871 6898 6949 7074 7144 7151 7332 7452 7471 7475 7482 7547 7614 7813 7918 7919 7924 8008 8166 8186 8326 8328 8707 8808 8832 8836 9044 9059 9328 9330 9385 9403 9455 9503 9652 9713 9733 9735 9860 9947 10044 10049 10112 10222 10352 10618 10622 11038 11058 11102 11201 11238 11243 11311 11380 11494 11498 11681 11773 11814 11871 11884 11899 12004 12013 12079 12215 12337 12363 12464 12469 12480 12644 12852 12908 12915 12998 13101 13180 13354 13563 13584 13868 13999 14114 14277 14319 14373 14406 14422 14556 14594 14891 15315 15355 15533 15563 15677 15772 15816 15824 15843 15866 15919 16007 16033 16043 16061 16081 16090 16106 16132 16144 16163 16183 16201 16219 16236 16249 16255 16271 16281 16314 16351 16376 16377 16388 16396 16402 16413 16441 16462 16482 16484 16498 16502 16503 16557 16587 16590 16593 16603 16609 16623 16628 16669 16684 16702 16715 16717 16719 16720 16727 16763 16783 16812 16830 16836 16876 16878 16880 16893 16903 16904 16942 16946 16949 16955 16957 16976 16984 17068 17070 17075 17095 17096 17099 17100 17101 17104 17137 17143 17148 17163 17169 17225 17229 17243 17244 17249 17264 17273 17294 17318 17324 17339 17398 17414 17453 17454 17504 17505 17543 17547 17550 17597 17603 17616 17618 17627 17645 17648 17668 17672 17675 17684 17719 17740 17751 17755 17769 17785 17802 17813 17838 17839 17910 17927 17931 17934 17938 17941 17956 17996 18008 18037 18068 18073 18086 18092 18166 18179 18190 18195 18197 18206 18215 18258 18273 18289 18307 18311 18322 18327 18337 18368 18377 18395 18398 18440 18452 18472 18517 18530 18538 18550 18571 18585 18592 18601 18604 18605 18657 18667 18675 18713 18730 18757 18789 18844 18845 18878 18887 18889 18891 18904 18910 18919 18921 18945 18954 18961 19019 19021 19023 19046 19047 19084
7
128 81 231 423 742 859 1139 1371 1794 1974 2284 2708 3354 3458 3767 3981 4034 4203 4208 4235 4585 4604 5170 5199 5325 5326 5462 5470 5633 5638 5734 5838 5874 5992 6013 6076 6248 6542 6577 6936 7039 7185 7695 7758 7777 7915 8009 8058 8361 8362 8410 8460 8565 8985 9170 9388 9395 9575 9679 9799 9811 10048 10098 10133 10188 10195 10216 10311 10469 10503 10697 10896 10915 11064 11097 11104 11241 11298 11342 11404 11512 11873 11910 11923 12028 12089 12306 12453 12486 12524 12596 12696 12850 12943 12951 12989 13210 13215 13229 13309 13333 13430 13544 13549 13587 13588 13624 13695 13711 13745 13751 13781 14239 14256 14462 14494 14625 14640 14761 14799 14800 14805 14904 14969 15092 15218 15229 15596 15683
10 4336 7196 7487 7716 8027 11382 11889 12351 13256 14976
11 1038 6260 6355 6560 9174 10475 11948 12553 14246 14378 15378
140 550 871 905 999 2123 2452 2699 2745 2982 3220 3710 3729 3744 4203 4730 4908 4917 5126 5190 5194 5250 5410 5423 5431 5944 6103 6245 6286 6428 6467 6603 6777 6936 7039 7223 7446 7473 7554 7612 7748 7786 8049 8303 8310 8327 8378 8565 8681 8754 8911 8988 9370 9501 9509 9722 9746 9827 10195 10292 10311 10469 10472 10566 10601 10634 10649 10877 10939 10969 11000 11025 11122 11159 11187 11291 11316 11490 11530 11743 11873 11910 11985 12157 12163 12199 12272 12313 12328 12388 12470 12518 12667 12784 12800 12845 12864 12873 12933 13010 13096 13271 13336 13339 13587 13711 13849 14101 14136 14320 14334 14339 14369 14448 14465 14588 14640 14841 14913 14919 14930 14965 14989 15076 15084 15104 15128 15171 15190 15312 15316 15418 15431 15432 15445 15562 15704 15718 15764 15780 15803
125 960 972 1088 1141 1204 1298 1340 1371 1586 1999 2070 2192 2338 2910 3678 3767 4034 4308 4590 4696 4910 4936 4940 5126 5150 5195 5210 5697 5758 5904 5992 6076 6137 7046 7223 7277 7305 7497 7936 8361 8410 8423 8643 8694 9078 9094 9226 9256 9284 9299 9430 9569 9624 9886 9954 10048 10166 10187 10203 10275 10296 10307 10440 10491 10633 10690 10697 10762 10780 10877 10901 11000 11245 11339 11354 11436 11517 11627 11856 12157 12182 12360 12372 12425 12486 12493 12580 12689 12798 12951 13123 13210 13410 13471 13567 13657 13679 13743 13744 13751 13803 14177 14240 14302 14417 14507 14635 14706 14795 14832 14911 14971 15060 15163 15218 15260 15277 15320 15345 15435 15552 15582 15704 15778 15809
123 61 235 1139 1646 1972 2013 2124 2284 2551 2644 3236 3248 3678 3767 3806 4121 4203 4590 4600 4848 4983 5051 5265 5410 5464 5713 5729 5734 6188 6248 6296 6468 6609 6863 6921 7046 7159 7446 7711 7915 7965 8108 8225 8234 8494 8513 8706 8793 8931 9255 9339 9494 9527 9592 9679 9789 9807 10389 10402 10646 10860 10939 11006 11025 11162 11339 11414 11517 11530 11545 11627 11691 11817 11824 11841 11845 11910 12199 12302 12524 12642 12801 12902 13041 13163 13300 13306 13339 13421 13536 13578 13591 13849 13929 14073 14083 14177 14369 14440 14462 14607 14656 14767 14792 14832 14861 14960 14965 15077 15126 15128 15163 15171 15190 15229 15312 15382 15435 15544 15559 15562 15628 15651
5 1058 6597 7861 9217 11468
7
140 105 305 366 813 975 1203 1309 1321 1526 1740 1870 1905 1986 2044 2268 2436 2784 3222 3304 3573 4176 4240 4702 4860 5016 5375 5759 5791 5858 6126 6133 6206 6768 6841 7611 7623 7963 8008 8333 8358 8678 9225 9228 9234 9272 9274 10705 10726 11037 12094 12449 12688 13354 13563 13923 13945 14074 14230 14422 15038 15376 15404 15590 15682 15818 15829 15915 15934 15941 15945 16009 16036 16038 16040 16058 16115 16201 16223 16226 16256 16265 16271 16283 16332 16343 16355 16388 16399 16408 16453 16511 16521 16609 16622 16655 16685 16770 16806 16812 16836 16842 17034 17243 17253 17422 17423 17538 17591 17639 17698 17731 17794 17868 18012 18031 18034 18072 18168 18176 18218 18225 18230 18234 18317 18417 18445 18485 18548 18574 18618 18662 18668 18706 18856 18900 18904 18979 19023 19035 19060
147 19 910 972 1204 1298 1371 1456 1784 1886 1999 2075 2192 2708 2947 2985 3248 3338 3674 3951 3963 4091 4121 4359 4802 4859 4936 4954 4969 5043 5194 5199 5330 5581 5593 5657 5733 5916 6003 6013 6174 6286 6296 6449 6661 6727 6826 6983 7408 7645 7748 8109 8159 8337 8408 8446 8652 8727 8773 9025 9078 9321 9467 9489 9509 9527 9811 10090 10116 10238 10239 10292 10319 10341 10390 10566 10673 10914 10988 11064 11146 11461 11638 11667 11701 11817 11955 12015 12097 12132 12199 12302 12306 12327 12410 12453 12488 12531 12532 12596 12620 12622 12634 12681 12689 12696 12951 13054 13157 13339 13411 13416 13424 13463 13511 13514 13522 13571 13587 13589 13634 13708 13952 14041 14256 14281 14320 14325 14334 14440 14487 14596 14792 14877 14935 14969 15098 15104 15124 15171 15196 15265 15277 15388 15486 15507 15651 15763
139 45 560 638 767 795 1145 1285 1609 1999 2070 2202 2613 2699 2733 2921 2943 3114 3257 3458 3638 3678 3838 3978 4007 4111 4166 4234 4568 4604 4678 4682 4745 4848 4898 4917 4938 4969 5177 5178 5199 5308 5411 5428 5874 5916 6174 6248 6826 6864 6935 6997 7525 7621 7695 7763 7878 8010 8109 8156 8303 8361 8410 8484 8727 8893 8955 9078 9181 9284 9495 9638 9722 9831 9858 10116 10239 10349 10381 10503 10515 10695 10809 10914 10941 11490 11548 11714 11743 11761 11829 12019 12097 12199 12262 12313 12362 12375 12444 12486 12506 12613 12634 12696 12721 12845 12906 13010 13141 13207 13425 13522 13531 13659 13745 13849 14101 14177 14210 14342 14399 14411 14486 14645 14795 14832 14888 14916 15128 15154 15169 15341 15379 15454 15493 15572 15582 15640 15659 15803
14 324 402 1564 4981 5249 6260 7128 9461 10475 11876 11948 12887 14553 14866
171 45 695 910 1431 1646 1911 2284 2452 2551 2943 3782 3949 3981 4121 4523 4528 4908 4938 4954 5039 5043 5051 5055 5118 5230 5241 5253 5265 5293 5428 5536 5563 5663 5713 5744 5874 5911 5992 6013 6055 6248 6449 6481 6514 6729 6847 6850 6921 6951 6971 6997 7054 7608 7629 7645 7715 7721 7748 7936 7938 8310 8341 9048 9052 9115 9339 9345 9494 9496 9501 9583 9702 9708 9886 10238 10296 10310 10319 10324 10412 10419 10469 10503 10515 10533 10631 10649 10672 10680 10789 11047 11105 11154 11267 11280 11291 11314 11424 11431 11452 11457 11516 11530 11673 11835 11960 11966 11975 12075 12182 12444 12474 12486 12580 12591 12675 12681 12806 12845 12898 12943 13141 13161 13222 13292 13308 13326 13339 13368 13514 13602 13674 13708 13787 13813 13844 13924 13964 13994 14137 14165 14210 14239 14369 14378 14417 14448 14465 14470 14514 14730 14767 14782 14841 14851 14861 14909 14971 15067 15099 15159 15176 15278 15294 15463 15582 15603 15628 15664 15709 15803
34 91 2901 4174 4335 4740 5269 5614 7001 8821 9120 10007 10258 10438 11073 11476 11587 11624 11637 11818 12072 12131 12350 12595 13188 13246 13378 14781 14860 14885 15117 15175 15356 15593 15731
89 78 170 586 661 1159 1250 1254 2627 3256 3724 4127 4485 4688 5121 5147 5183 5211 5356 5478 5586 5625 5644 5701 5851 5973 6106 6196 6217 6218 6242 6251 6341 6657 7105 7317 7389 7698 7855 7857 8240 8359 8748 8803 9188 9510 9621 9712 9779 9891 10049 10085 10104 10108 10246 10321 10575 10623 10925 11019 11330 11585 11703 11736 11830 11940 12082 12181 12330 12344 12527 12666 12917 13110 13329 13346 13360 13373 13656 13691 13800 13852 14265 14278 14350 14498 14997 15194 15309 15425
7
11 1648 2041 2237 2361 2415 3231 3297 3810 6414 10360 14511
346 71 77 450 552 675 685 688 738 791 860 933 1004 1180 1183 1265 1279 1425 1480 1572 1783 1963 1970 2235 2248 2334 2384 2404 2406 2588 2946 3119 3147 3191 3215 3237 3438 3461 3463 3475 3553 3637 3820 3865 3992 4087 4266 4300 4350 4386 4478 4633 4639 4643 4662 4711 4720 4814 4824 4843 4854 4977 5009 5047 5049 5058 5130 5207 5257 5313 5314 5318 5378 5421 5452 5570 5577 5592 5639 5660 5684 5704 5781 5811 5836 5868 5886 6017 6041 6152 6226 6281 6292 6312 6382 6409 6417 6457 6515 6521 6614 6631 6681 6724 6736 6737 6744 6749 6752 6757 6760 6765 6772 6778 6784 6786 6788 6794 6795 6828 6856 7002 7146 7148 7155 7157 7160 7211 7303 7378 7488 7499 7523 7620 7625 7666 7713 7765 7821 7835 7904 7925 7934 7995 8187 8252 8263 8280 8282 8304 8393 8486 8500 8512 8590 8828 8840 8942 8945 8963 8969 8972 8977 8978 9003 9126 9142 9218 9224 9245 9298 9315 9374 9392 9394 9460 9463 9484 9497 9540 9561 9619 9783 9794 9800 9848 9872 9874 9876 9892 9899 9900 9910 9916 10020 10075 10077 10140 10158 10217 10232 10234 10305 10335 10417 10535 10563 10577 10817 10833 10858 10861 10862 10882 10885 10951 11133 11156 11207 11215 11227 11237 11268 11307 11366 11368 11380 11400 11403 11407 11412 11430 11441 11469 11492 11495 11568 11682 11700 11705 11711 11753 11828 11830 11842 11859 11884 11921 11934 11963 11986 11987 12009 12024 12079 12098 12138 12243 12322 12348 12352 12382 12398 12430 12441 12491 12527 12566 12626 12706 12723 12746 12776 12794 12814 12824 13006 13024 13036 13074 13090 13097 13113 13160 13287 13313 13355 13357 13381 13408 13445 13534 13535 13593 13611 13615 13637 13707 13719 13793 13811 13858 13885 13898 13977 13992 13997 14119 14152 14191 14254 14292 14362 14379 14388 14415 14441 14460 14574 14604 14612 14679 14770 14843 14858 14938 14939 14952 14976 14987 15165 15181 15235 15246 15290 15350 15360 15377 15408 15415 15448 15490 15501 15730 15765 15779 15787
60 519 673 1255 1416 1449 1906 1981 3422 3537 4513 4618 4669 5005 5456 5507 6123 6487 6723 6913 7136 7205 7246 7761 7769 7869 8329 8703 8777 9515 9690 9993 10105 10156 10545 10668 10766 11228 11327 11491 11649 11964 12066 12191 12239 12523 12858 12968 13205 13311 13616 13689 13951 14120 14503 14603 14630 14685 14741 14870 15632
2 10023 10429
147 46 138 354 444 528 548 648 705 725 779 902 937 994 1246 1492 1554 1593 1595 1611 1732 1766 1835 2080 2141 2210 2240 2263 2306 2341 2394 2399 2424 2520 2523 2534 2571 2575 2627 2702 2718 2729 2780 2835 2842 2846 2860 2917 2937 2953 2955 2965 2981 3021 3055 3130 3145 3214 3277 3283 3286 3313 3315 3325 3364 3402 3453 3528 3575 3616 3635 3666 3724 3735 3801 3836 3840 3926 3934 3936 3937 3946 4010 4032 4046 4229 4297 4301 4303 4345 4354 4399 4410 4415 4430 4474 4479 4581 4587 4589 4683 5023 5216 5302 5586 5630 6019 6217 6232 7596 7601 7873 9199 9470 9552 9563 9845 10104 10575 10707 10796 10828 11515 11953 12077 12181 12255 12400 13023 13057 13590 13886 13970 14124 14484 14532 14681 15256 15988 16635 17211 17962 18279 18286 18324 18716 18741 18964
58 511 1212 1351 1580 2209 2655 2802 3726 4667 5780 5953 6280 6372 6579 6588 6709 7052 7401 7475 7680 7733 8220 8723 9033 9432 9472 9548 10416 10427 10518 10845 10944 11077 11277 11896 12148 12271 12549 12612 12632 13168 13217 13391 13489 13492 13553 13562 13599 14111 14116 14436 14542 14867 15062 15090 15141 15502 15727
22 754 4807 5056 6117 6280 6292 7810 8774 8863 9032 9732 11106 12207 12818 12963 13166 13981 14643 14822 15504 15518 15754
7
124 49 333 862 930 1156 1781 1799 2003 2434 2704 2827 2838 3305 3555 3724 3843 3937 4253 4267 4924 4992 5084 5119 5243 5302 5361 5452 5674 5883 6047 6052 6067 6217 6341 6342 6491 6528 6576 6597 6807 6835 7242 7343 7365 7368 7538 7601 7727 7736 7837 8007 8027 8267 8388 8422 8472 8612 8724 8769 8863 9042 9071 9072 9274 9304 9379 9563 9608 9762 9972 10004 10282 10308 10586 10751 10905 11012 11041 11077 11128 11145 11210 11450 11612 11974 11979 12148 12423 12698 12735 12758 12772 12815 12909 13065 13379 13470 13590 13627 13660 13727 13893 13930 14050 14089 14361 14368 14375 14624 14699 14709 14714 14757 14819 14827 15151 15178 15319 15332 15361 15513 15692 15695 15717
133 103 597 638 742 822 956 1208 1431 1791 2202 2815 2819 3220 3248 3639 3839 4407 4692 4695 4696 4848 4877 4938 4969 5150 5194 5241 5250 5411 5428 5593 5960 6238 6248 6359 6577 6661 6729 6769 6936 7092 7390 7554 7738 7758 8087 8410 8543 8602 9048 9256 9320 9509 9527 9679 10001 10067 10187 10238 10440 10634 10649 10695 10789 10914 10939 11097 11153 11159 11354 11457 11595 11664 11691 11802 11824 12028 12037 12089 12157 12199 12304 12342 12415 12425 12622 12696 12752 12773 12850 12906 12933 13052 13061 13157 13336 13425 13571 13596 13679 13708 13742 13745 13841 14041 14073 14165 14210 14239 14270 14465 14505 14654 14656 14782 14798 14873 14911 14969 15004 15176 15192 15223 15265 15341 15379 15433 15486 15519 15547 15567 15615 15764
10 5188 5198 7159 9880 12091 13125 13308 14087 14149 14175
50 78 1744 2514 3019 3127 3669 4400 4837 4849 4993 5900 6342 6385 6435 6436 6665 6968 6987 7149 7480 7818 8211 8863 8908 9710 10398 10421 10747 10810 11814 12062 12145 12399 12456 12612 12768 12877 13108 13168 13323 13492 13553 13890 14396 14481 14715 14963 15457 15484 15777
153 739 910 1038 1104 1139 1298 1901 2021 2192 2579 2921 2964 3337 3338 3458 3744 3767 3857 4026 4334 4682 4745 4940 4947 4981 4989 5051 5249 5265 5330 5349 5411 5464 5563 5697 5904 6182 6188 6449 6727 6777 6847 6863 7125 7185 7446 7608 7711 7758 7986 8128 8337 8446 8693 8727 8729 8754 8862 9284 9299 9666 9769 9886 10051 10098 10167 10188 10273 10275 10390 10418 10468 10557 10601 10697 10762 10915 10920 10941 10971 11114 11157 11187 11486 11512 11534 11695 11747 11848 11856 11890 11910 11955 11985 12022 12199 12304 12327 12450 12453 12553 12665 12671 12766 12798 12880 12887 12951 13141 13144 13210 13249 13377 13410 13482 13674 13687 13698 13701 13742 13758 13841 13935 13994 14084 14109 14137 14490 14501 14528 14607 14675 14686 14730 14800 14859 14879 14956 15067 15085 15109 15159 15192 15265 15388 15426 15431 15458 15572 15588 15683 15716 15763
105 40 67 971 1238 1740 1769 1983 2624 2768 2770 2890 3376 3954 4088 4141 4158 4339 4346 4480 4623 4753 5217 5526 5654 5848 5862 6622 6783 7241 7471 7481 7905 8121 8164 8272 9264 9403 9834 10666 10802 11067 11263 11557 11697 11894 11976 12195 12659 12861 12934 13119 13447 13785 14545 14583 15032 15677 15796 15812 15815 15864 15892 15956 16014 16101 16328 16454 16578 16598 16612 16633 16638 16645 16693 16695 16723 16821 16883 17032 17158 17256 17306 17309 17420 17443 17659 17676 17679 17724 17786 17920 18024 18218 18389 18403 18424 18613 18629 18744 18761 18876 18988 19002 19015 19036
10 2836 4971 5163 5572 7542 8768 10551 12821 13816 15752
7
19 461 1650 2554 4672 4986 5198 6574 7838 8341 10595 10932 10962 12167 13199 14356 14921 16176 17412 17969
1 13420
41 9 430 1001 3742 3762 3872 4396 4831 5011 5524 6280 6284 6523 7007 7476 7492 7855 8165 8273 8552 8999 9373 9645 10522 11100 11756 11843 12047 12224 13204 13254 13346 13804 13817 13907 14090 14436 14537 14869 15025 15629
8 6304 7455 8406 8875 9685 13889 14107 15770
13 342 3384 6352 7304 8208 8779 9061 9372 10362 10525 10603 10895 13506
201 103 131 283 447 597 910 972 982 1280 1371 1646 1662 1776 1784 1794 1854 1901 2289 2338 2924 3539 3639 3744 4006 4562 4668 4756 4787 4866 4912 4917 5039 5125 5177 5190 5250 5306 5308 5443 5462 5687 5831 5911 5923 5992 6095 6177 6245 6248 6305 6349 6542 6608 6684 6691 6850 6864 6931 6935 6997 7118 7189 7323 7347 7398 7408 7545 7621 7695 7711 7721 7754 7766 7777 8225 8234 8337 8362 8405 8438 8652 8693 8729 8773 8798 8897 9038 9051 9078 9152 9173 9243 9299 9583 9644 9886 9955 10006 10098 10116 10188 10195 10311 10313 10381 10412 10587 10690 10762 10915 10962 10988 11105 11153 11157 11160 11458 11564 11638 11664 11673 11690 11739 11801 11817 11917 12028 12157 12160 12252 12287 12474 12580 12621 12684 12880 13195 13253 13271 13385 13416 13463 13482 13571 13635 13657 13687 13708 13751 13788 13789 13908 13952 13986 14025 14042 14137 14174 14177 14218 14325 14351 14386 14417 14494 14549 14561 14601 14799 14877 15070 15196 15268 15316 15337 15498 15499 15525 15526 15619 15714 15804 15858 16006 16252 16331 16351 16443 16444 16825 16858 16888 17607 17800 17914 17967 18290 18416 18633 18721 18822
22 1610 5611 5900 6318 6655 6771 7422 8210 8984 9081 9525 10781 11628 11838 12612 12706 12828 13370 14362 14400 15246 15502
