10
7
9 15961 38760 59100 250857 174040 366612 366637 366643 366661
6 184093 118094 46416 743056 743057 743060
7 8040 43374 98249 188591 241693 241717 370454
21 488 5873 34872 95438 43087 43454 100002 44132 100949 156564 101453 101659 44617 102931 102935 102945 181098 7716 181124 102973 588453
3 4256 320545 647638
2 391759 502094
6 33544 57634 114849 99328 152512 44632
7
12 37781 3293 117659 220149 75025 352054 356730 356732 368691 404253 649714 649716
2 82311 121616
99 6291 6671 6727 6744 488 13292 13322 13341 13347 13363 13463 13477 25521 41405 32711 32764 59037 80928 90309 34872 34878 95602 117772 43040 96040 96049 43100 126039 97195 43352 97788 43454 98829 142420 99374 142630 99753 99907 142776 99979 100002 100003 100236 100708 153963 154149 44054 44055 154467 154470 13491 44120 154888 100949 156564 158279 44395 101258 44462 44510 44554 164336 163753 172474 44646 181047 102914 181071 102925 181091 102941 181097 181106 102951 102956 181129 102969 172677 163433 234916 35050 258219 265213 283631 362444 442087 108870 45604 454557 495180 495193 531624 558481 559525 559527 386248 597073 597222 615722
2 193789 631416
2 188715 625935
2 246213 673774
11 53741 41520 133587 141232 59139 232775 243382 245379 91319 334646 389878
7
2 617699 847693
18 26371 20412 121899 95962 133065 133293 133849 185095 250200 255223 282029 303242 350278 354851 529327 529329 529332 529342
4 29937 202740 305991 305996
3 107990 747316 747317
25 39270 62657 98037 135779 145272 146986 148290 148304 148307 100555 148413 148515 148532 209880 224042 362500 369652 370033 370263 371504 409951 571323 571324 571328 571330
13 3075 3076 14682 56910 56987 56914 56997 56999 56600 58286 56604 58386 57008
13 3450 4172 34046 42134 151352 2007 278962 230130 315510 675526 675527 727930 727931
7
3 116660 493422 493423
5 77874 108135 320588 401958 428724
2 13791 278130
7 98038 89373 489014 492077 537495 537501 537505
3 31927 276976 276978
10 5897 53745 34840 114662 34910 244266 478701 478703 478706 395270
17 3162 316 356 9609 399 15780 6035 11449 640 26091 30608 14833 20150 52499 32630 64277 123118
7
7 11376 16932 90602 291718 291723 291724 291726
2 4954 785079
4 63706 441233 441235 441236
5 980 5952 245251 5962 193844
2 30372 261429
3 39819 179928 611779
7 35913 352373 746038 746039 746040 746041 746042
7
2 66284 905347
25 312 6035 511 26344 26345 567 26360 26379 7882 26388 26394 26399 26403 3225 576 9943 36474 50440 1894 128847 152467 193852 227790 382354 382358
2 75901 358108
5 103705 317364 487756 620636 624708
2 250356 518303
21 30608 10604 29591 37723 31957 37763 32511 32526 4374 41269 74180 74192 95925 97963 106498 74285 281641 296201 174054 212820 388771
7 30758 25871 20207 33685 37909 113393 302762
7
2 336436 739060
6 25917 17465 33822 102776 286914 151717
2 105497 654550
3 49180 185628 355546
2 284293 697645
162 11814 39231 39415 41576 74194 93271 96546 97188 97231 97234 98037 135779 143107 98688 100296 145257 100335 148019 100345 100352 148085 148271 100542 100555 100560 148408 148410 100578 100585 148482 148491 148541 100641 67380 101407 170110 102857 103003 191752 203614 104621 209877 104691 105223 218732 105530 105848 105851 237708 45107 105887 237772 105902 105921 105923 237830 105935 105936 105939 254585 257354 257363 258779 258790 301736 107373 107559 107562 107576 320317 320326 107581 322576 107606 359389 108029 108048 108078 108082 363876 364035 108107 364157 365081 108154 369985 108166 369682 369689 370041 370314 108183 371147 108197 108198 108204 371666 371946 108275 108301 381046 380714 382572 401373 428703 382609 372688 461280 470075 384313 9084 478910 478934 382657 382664 109377 498507 382699 507246 520235 521436 522483 522485 522637 522711 522712 522714 522718 522736 522739 522744 522754 522766 522806 522814 382725 526418 539629 539850 539851 539894 382755 548284 379046 382759 548071 563130 382781 563807 571770 571477 609270 616641 616642 625281 562647 667242 667460 667463 667466 681758 681743
8 38556 50368 41388 259381 365372 229009 401455 735258
7
2 403669 772282
9 6439 64245 96877 98763 99513 99845 161960 161966 171959
29 19601 33479 33566 33787 33833 34229 34497 34760 58598 41605 82981 43047 43407 144064 99437 43568 100047 144586 43678 143266 161454 105611 234233 214594 242616 245165 324842 506592 511701
10 34613 34748 57801 114972 120596 184788 244000 244003 287127 151677
2 217933 650489
2 360858 750052
4 245191 245200 671529 671537
7
5 98987 99294 553058 553059 553060
5 140288 378877 479553 499724 739583
8 97701 137952 213523 140918 162540 271759 141182 673445
5 3993 20229 36886 229242 126589
3 207875 350683 639928
75 3527 8034 25521 16254 9672 37962 56056 175297 182252 196190 238152 106290 303060 305727 307238 307240 307242 307243 307244 307247 307248 307249 307253 307254 307256 307257 307260 307262 401829 401833 401847 401849 401850 401852 401854 401864 401865 401867 401870 401876 401878 401881 401887 401891 401892 401899 401900 401903 401905 401908 401909 401914 401928 401929 382302 401930 401931 401932 401935 401936 401939 401944 401946 401947 401948 401953 401957 401958 512218 531960 401959 401960 665010 686177 722724
4 18287 39525 370896 370897
7
3 394807 394811 476505
8 131739 207703 676847 527150 916561 916562 174109 916563
2 328057 328488
6 39794 134852 149139 332370 372695 372709
2 368692 755044
3 433908 521046 782809
12 34747 139632 100363 101567 232693 244720 107506 603158 603274 603275 674007 726585
