10
5
58 5792 6104 3988 5812 5883 5907 12536 25835 4172 25901 25949 16895 796 19592 29568 1121 1615 33582 33693 33695 33733 33735 33903 33998 34027 34089 34123 34270 34271 34290 34324 34523 28583 34626 34673 56837 34742 41348 57760 58829 58569 58584 58550 56431 59194 95140 42813 114008 34851 114623 143406 43558 163903 173196 227772 244198 335396 506517
2 171979 603321
27 762 33875 33898 34729 34750 5949 41349 57762 58522 56431 114017 115032 114156 1906 100241 34972 228910 228911 228932 228964 263108 284593 284608 64858 326227 397886 397890
6 4680 140363 101557 243157 244224 45156
2 50781 308855
5
49 12613 31040 19489 33591 32369 33884 34090 34497 28583 32376 37864 41596 41599 74422 120456 114401 66131 130471 97843 10718 99225 34946 148170 44046 100885 44296 155040 44432 158626 101562 101659 187062 155851 44905 272190 322491 322644 107706 332272 332273 332276 332283 332288 332291 145468 108662 546526 737231 829627
2 557992 800286
2 323918 732015
13 6452 95195 140325 181067 192832 235630 140973 286810 341030 339389 381495 615580 615584
59 356 9612 11376 30735 15987 12111 10604 14895 814 37733 49180 31957 49252 38220 38513 38563 39319 39828 40894 4374 41269 50888 41276 50940 48242 4503 50450 74180 46361 43373 97963 50473 144935 100489 148349 227264 106498 277029 174041 306398 317369 174054 357765 383383 50530 373109 388700 388705 388734 212820 388753 388758 388761 388762 388763 388771 50531 388782 729181
5
9 55398 41388 59249 113630 152583 56552 433536 477063 574876
25 3020 3051 3076 3105 14682 18638 1213 56800 56910 57215 56598 56988 56999 56916 58116 57217 58213 57221 58258 57223 56920 58312 58398 58403 312492
6 212672 282343 377582 644410 644414 262746
14 934 33735 34062 56856 114623 97834 239140 57862 244460 243728 35107 343318 506523 683235
21 6107 1615 33502 33570 33808 33855 31613 37448 4344 32810 64168 113705 57209 121548 91529 241883 272300 275988 315164 348179 348187
5
824 3241 36 8655 38 39 3927 3242 44 46 335 3600 3243 9606 348 54 3267 353 354 7863 12297 356 3272 365 64 371 12359 24493 9828 73 74 9612 6854 25240 414 15778 10410 7871 10421 10423 3961 10438 9888 10446 10463 83 9613 437 3964 10281 10565 10569 6679 8110 8111 13638 96 9657 174 250 6918 6979 7296 7342 7355 11376 3990 3991 9971 9999 8428 10006 11395 10584 11449 11458 4024 11528 11549 11614 7929 11633 3425 10586 11684 11703 11711 593 11820 4057 11849 11855 11897 8962 12030 4088 12101 5829 3461 3478 29897 4099 27817 28097 640 28250 28314 28348 8050 8064 12588 12591 15854 30066 30131 30191 30202 10592 30281 30352 8870 30536 30608 13671 30647 30675 30700 30735 30745 15917 30780 30891 13677 30901 30919 4139 4140 8011 30987 722 730 25521 735 15977 15987 31926 10289 10601 13860 13880 12109 14142 7960 14254 10602 14515 14550 14574 14647 14808 10604 14833 15173 4173 16016 770 31627 16554 16587 10608 17143 17595 786 18356 18700 18760 4215 19019 791 19299 19379 19380 19451 19919 19937 20009 20170 20204 20355 20530 33152 33158 33164 32358 33191 33210 29402 29493 29524 29526 1406 10621 36236 36305 36459 36537 36558 36716 36758 4255 4261 32222 37586 4266 10629 4274 3396 49652 37631 3656 37662 37686 37711 49128 49131 37722 49133 37723 37733 37735 49153 49158 49160 49161 49169 37741 49178 4288 31957 31082 49195 49198 32405 49213 49223 49228 37757 49233 37763 49234 4293 49249 49252 49258 31960 49277 49278 37779 49282 49283 49293 49294 49299 10632 37792 37793 10633 49326 49328 49342 37807 49349 49350 37813 49360 49363 37819 49364 49367 32460 49374 49383 37828 10634 49390 49398 49399 37838 49411 49413 49415 49422 49430 37852 37854 49437 49442 10637 49443 49446 37862 28598 49461 32038 29835 37983 10640 38220 32511 38423 38443 38448 38462 38563 10645 38877 39194 39243 39319 39539 39602 39817 39819 10648 32526 39915 40045 40095 40216 40263 10650 4348 40701 40832 40957 41055 41083 41093 41110 4361 50346 50369 31718 33214 50383 50385 1809 50407 50429 50435 10654 4369 50804 3496 4374 50826 41269 50838 50842 32535 50869 41272 50885 41276 50922 50969 50981 50989 50991 35541 53562 53577 53718 55378 56966 57729 41356 55921 51486 51976 41486 32598 32619 32641 32690 32843 32859 62099 62101 62149 10662 64462 62387 64162 64189 64210 64216 64247 64301 50447 61909 67464 4450 64750 4471 4505 67319 67327 67344 74305 74172 74173 75148 41804 70120 65465 42061 9047 61920 74335 74447 69022 63662 64574 50450 42146 65622 65673 65914 65942 66017 66018 70674 71074 71496 26620 74174 33400 37614 74177 74178 74180 74182 74183 74184 74185 74187 74189 74190 74191 74192 74193 74194 74195 74196 74197 10670 74200 74201 74205 10671 74207 50453 50454 74208 42265 74212 74215 74216 74217 74219 74221 74223 74224 74225 74226 74227 74228 74229 50455 74230 10673 12676 74231 74232 74233 74237 74238 42267 74239 74241 74242 74245 74247 50092 74248 74250 4593 74256 73657 74260 74261 74262 74264 74265 74266 74269 74270 74273 74274 74275 74276 74277 74278 69039 69064 77351 69514 69766 69897 69911 80330 80334 80442 31116 80846 80936 42363 81624 42421 83579 83688 82416 85804 86788 42608 87172 10682 81728 90758 88851 93213 93434 63801 10688 10690 95147 91858 91869 10692 119191 119597 74005 116461 116475 4662 4665 95412 95414 116818 42936 95472 35599 95517 95542 77970 74279 24879 10703 56166 10704 95854 66134 95873 46316 95889 4711 129875 95925 95985 95986 130214 130385 96016 96030 96033 43228 96861 97485 10711 135007 135054 1918 33222 10714 10715 1926 10717 136895 138864 100326 12685 149708 144935 145481 100497 10727 100509 150451 50483 100999 170349 170415 79382 64521 102848 102849 179686 178705 10738 7716 182325 10740 103021 178744 103122 103158 103161 103185 178937 44749 103371 103522 103653 50491 103670 103672 182654 182705 182746 182749 10746 189077 78676 103705 44776 191324 193278 104018 196666 194888 199330 104144 104213 104228 104471 212717 104930 105025 79388 105571 228123 231825 50494 233309 233006 235394 235396 236792 239917 239497 241413 241421 10772 105953 241459 241471 105959 242151 45115 50498 248117 251574 106177 74283 106338 261380 262636 264696 264698 106489 106490 264702 264703 106491 106492 106493 106494 106495 106496 106497 106498 264707 106499 264709 264710 263833 106501 106502 264712 264713 264717 106504 106505 264719 106506 106507 264721 264722 264723 264724 106509 264726 106510 106511 74284 74285 264732 79395 264734 264736 263838 212803 270675 191859 181252 106688 274743 276541 277058 174041 10324 278202 279604 281639 281644 281647 106914 10787 281661 281666 281669 281879 291836 50515 295350 296418 79399 10796 306398 135098 308826 50524 74286 352490 352692 356631 356109 212815 357760 358576 358123 50526 112985 360988 365016 373852 373858 375826 50529 382437 388697 388698 388700 388706 388710 388711 242302 388715 388717 388718 388719 126838 388733 388739 36965 388744 388748 388749 388761 388766 388770 388771 32897 388777 388778 434712 434752 443046 10828 309124 449621 10830 74288 264738 531099 74289 10840 67389 688908 348928 748037 10852 388790 5098
8 90491 95463 9599 227979 263059 263740 264967 557464
3 630236 851592 913383
7 11867 90491 227979 239615 239630 668496 668497
10 10638 105058 250885 253574 529734 487930 506730 648503 648529 674690
5
12 508 37882 38760 71728 193619 193636 236875 243199 366628 366629 366649 366676
2 103708 624824
4 108779 214799 765014 765056
7 25949 42262 228424 288166 311096 311106 724652
10 10029 97712 266557 308270 308274 308275 530100 530102 530105 530106
5
2 190245 831352
117 3242 46 354 60 10446 456 8108 6965 7355 3420 12902 11376 572 29897 30191 30281 30705 31051 13880 10604 15086 36596 33406 35567 35582 49180 31957 49297 49402 38513 38928 39319 39398 39700 39816 10648 3287 50353 28617 50368 50383 4374 41269 41276 50923 55122 55134 31745 61668 31104 67326 66083 74228 59729 90641 91858 118191 24879 122291 134743 97963 181190 50486 103148 181874 50491 185628 212787 212793 105044 227219 230051 45115 252718 176415 264724 272262 272263 272691 276986 276991 212807 50508 277025 277029 227275 277042 277047 277058 277080 277083 50509 50510 277108 277110 277114 281665 282734 50518 306398 277124 50523 226246 373775 135856 28814 352427 50530 388750 394644 424014 212823 444127 444144 26039 228327 148199
5 27540 151844 192839 244184 671691
6 3076 32984 56598 58139 58265 353728
11 6679 4172 1615 33586 33801 56868 114163 325927 325934 325948 325949
5
2 81426 270358
7 129296 104035 104036 104040 26917 206907 104559
35 5 2982 2985 2986 2988 3000 3002 3003 342 3011 3016 3020 3025 3029 3032 3046 3051 3054 3063 3064 3067 3068 3072 3075 3094 3095 3097 3101 3116 3118 3121 3126 3138 3140 3149
13 34823 82968 126611 140288 164232 103769 278782 107508 336969 378877 392751 479553 739583
35 533 558 8052 15255 32978 38474 41201 60646 41470 42901 43052 132887 27508 50481 101923 175629 124787 3915 195376 195815 196063 104319 195633 7720 201792 203771 201542 203919 206471 207016 207436 203594 224519 407549 491854
5
3 11376 50468 227214
14 500 15821 25567 10312 118024 50463 183885 184009 184020 184031 184038 251210 184093 489112
3 56606 369259 423465
20 694 14310 33182 89186 93157 91899 96316 133056 97720 137917 207044 209198 273944 280110 280116 280117 280120 280128 280129 702240
2 38038 108304
5
34 343 5866 5909 19994 919 1749 33774 33903 34184 34261 34351 37689 47184 57664 57811 58559 56454 77182 84649 56230 53190 114084 100111 150894 176010 226243 229741 303658 339689 340012 397443 397448 397453 397454
8 56469 81352 74923 95150 232691 233424 246384 481246
3 561959 695157 876230
2 107776 738976
8 100561 353071 522754 528262 563956 571743 571745 745994
5
100 11219 12474 5810 5898 679 31929 16551 18418 20424 20962 36421 33896 34367 34480 34535 34720 37641 37686 38556 39222 41326 5949 57762 57773 41376 41388 58608 1841 74534 65583 42702 113997 114017 115032 59284 120453 128459 130024 12486 138801 142046 142047 145371 100381 152433 152307 164349 102840 179600 179814 178450 178452 176412 206596 213917 212982 31173 229195 228932 243219 245290 124303 256778 256782 259724 283653 287443 296607 296608 296611 296614 296621 296622 296623 296628 296632 296638 333045 335200 365358 365359 365360 365363 365364 365385 365392 365393 365395 365396 365397 229009 397890 152203 453065 344227 490944 490945 289647 397243 769544
44 13630 34360 34526 34660 67454 63677 85026 42857 135827 138459 138806 179931 260537 268233 274461 281912 4883 314330 327931 329242 174053 348443 339852 376052 174061 430724 437051 441172 487057 487059 487061 526244 174081 430510 464908 639393 356629 548177 663706 677604 690353 768934 781402 5098
10 17951 93477 270716 295239 295240 295254 295272 446004 471474 713445
29 3213 25901 33471 34042 34373 34453 34556 34678 35552 11289 91130 114691 43407 142439 99281 145431 228054 234082 234135 105745 46385 229734 325264 341356 341361 341362 341364 341365 229773
16 11164 12476 78213 43007 114623 139743 98653 98655 139776 100283 151161 244225 244324 330735 546155 546173
