10
5
13 398 770 1890 6820 7308 13765 14567 16843 16967 25743 26492 28996 31862
101 30 774 781 1196 1282 1477 1825 2418 2443 2802 3538 4513 4814 5227 5398 5436 6533 7069 7311 8178 9036 9407 9499 9654 9756 11435 11556 11766 11844 12063 12584 12994 13247 13352 13392 13580 13771 14530 14639 15150 15588 15637 16608 16760 16876 17415 17783 17864 18453 18468 18617 18741 19685 19998 20086 20601 20683 20731 21259 21264 21721 22090 22565 23282 23603 24016 24884 25853 25927 26099 26866 27499 27568 28285 29195 29680 30057 30980 31145 31331 31377 31387 31672 31810 31816 32557 32869 33158 33269 33856 35135 35581 35642 36050 36136 36844 37143 37318 37416 37450 37682
31 1058 1930 2866 4923 5041 5125 5492 5998 6920 7990 8596 9662 12214 13874 14809 15628 15968 16651 16892 17781 19787 20365 20677 22107 24118 26479 27340 31559 31805 35137 35835
5 191 7291 7686 25691 28374
6 700 8217 11752 17604 28391 29231
5
18 1893 2327 4234 5420 9489 10789 11480 12645 17565 22606 24610 25060 27523 28377 29453 30579 30607 37531
6 7656 27048 29052 29053 33614 33615
36 82 1102 2293 2323 4724 5416 9754 15740 17541 20815 21301 21814 23657 25249 26129 27048 27148 28063 28584 28595 28978 29378 29699 29783 30421 30712 30838 31890 33286 34774 35228 35680 36676 36722 36985 37343
23 182 2239 2881 3526 4795 6796 7496 9739 10798 11877 12609 13244 13547 16749 17159 18017 20446 21405 21974 22850 25324 25996 30058
11 1714 4348 5873 7174 9161 14407 16705 16994 19799 27391 31061
5
44 1245 1291 3600 4212 4699 4886 5751 7027 7299 7501 7646 9384 11488 12126 12351 14082 16151 16728 17016 18546 18816 19565 20155 20383 21902 23266 23904 26155 26993 27112 28708 28976 29085 29771 30417 30418 31039 31567 31645 33807 35378 35795 36006 36542
32 723 3476 4138 7796 8078 11552 13434 19247 20211 21276 22895 24989 25208 26133 27954 28529 29167 30263 30533 30780 31225 32358 32589 32710 32835 33285 33371 33980 35574 35608 35612 37539
30 1955 2444 2838 3161 3625 3651 4583 4818 4820 4825 8024 8281 9459 11588 13167 16659 17342 17506 17702 18714 21188 22963 25642 27071 27750 28657 30804 31536 36033 37457
123 81 89 579 771 1108 1319 1474 1600 1732 2197 2230 2397 2474 2943 3342 3405 3423 3711 4775 5119 5219 5523 5804 5990 5993 5998 6368 6634 6718 7056 7126 7165 7470 7528 7836 7878 8101 8259 9980 10100 10286 10471 10571 10630 10712 11786 11883 12495 12522 12651 14570 14613 14845 15158 15358 15457 15784 16093 17038 17098 17130 17170 17640 17734 18075 18358 18412 18689 18989 19204 19568 19619 19625 20072 20096 20154 20337 20433 20450 20527 21235 21614 21785 21836 22020 22556 22616 24552 25023 25092 25190 25324 25348 25495 25787 25867 26143 27362 27529 27698 27754 28160 29071 30015 30192 30547 31170 31264 31952 33347 33377 33582 33668 33672 34161 34240 34590 35441 35650 35853 37431 37514 37621
84 2083 2435 2615 3052 3393 4555 5304 5309 5315 5433 6673 6911 6990 7439 7973 8016 8548 8845 9063 9376 9529 9732 10672 10868 11215 12497 13007 14366 14370 14381 14512 14594 14738 15038 15255 15429 15510 15566 15625 15718 15730 15767 15842 15880 16215 16458 16811 16822 17419 17592 17682 17739 17770 17985 18123 18125 18346 19551 19756 20189 20545 24480 24963 25126 25378 26546 26561 26620 26654 27068 27791 28226 28410 28764 29950 30665 30879 31812 32411 32467 33080 34197 34525 36802
5
22 282 2155 3938 4395 6995 8959 10205 12112 12345 12983 13211 14243 14483 15679 17827 18242 18682 21128 21469 24383 24385 26769
118 131 780 810 1017 1033 1163 1259 1304 1996 2252 2402 2609 2809 3036 3127 3246 4283 4420 4507 4753 5099 5240 5448 6111 6438 6483 6528 6604 7260 7896 7986 8376 9310 9525 9700 9967 10154 10202 10543 10705 10731 10924 11661 11925 12175 12598 12881 13007 13015 13441 13742 13873 13903 13919 13961 14356 14419 14738 14815 14840 14888 14977 15321 15408 15550 15646 15650 15735 15763 15930 15991 16354 16733 16994 17222 17377 17399 17448 17805 17852 17897 18015 18100 18214 18322 18338 18456 18646 18647 19607 20278 20376 21056 21447 21467 21512 22773 23218 23421 23679 23900 24375 24381 24734 25032 25341 25876 26405 26700 27242 27272 27756 27823 28092 29262 29996 30052 31529
49 1778 2103 2181 2193 2770 3228 3835 5500 6010 6392 6598 6842 7117 7746 8765 9625 9713 9764 10466 10739 10807 11593 12342 13038 13085 15456 15462 16346 16730 16900 16992 17000 17109 17173 18035 18402 19460 20436 20727 21010 21320 21620 24145 24811 25337 26456 26813 27628 29106
353 62 66 98 155 260 335 406 415 672 692 743 973 976 1081 1166 1224 1469 1570 1616 1760 1786 1828 2016 2044 2157 2716 2893 3021 3081 3242 3266 3282 3371 3413 3415 3541 3551 3571 3805 4204 4514 5058 5200 5221 5242 5323 5500 5519 5975 6119 6376 6410 6510 6527 6696 6823 7109 7118 7163 7361 7546 7561 7562 7563 7868 8186 8229 8270 8410 8465 8577 8696 8747 8913 9151 9292 9392 9618 9633 9700 9729 9893 9973 10079 10130 10233 10259 10389 10390 10418 10708 10720 10803 10872 11104 11315 11540 11769 11775 12070 12074 12116 12237 12316 12379 12484 12549 12797 12860 12871 12895 12971 12976 12982 12984 13000 13070 13084 13085 13096 13100 13101 13106 13127 13566 13730 13772 14173 14219 14322 14426 14456 14478 14534 14535 14660 14753 14755 14797 14806 14814 14819 15050 15119 15156 15175 15177 15273 15570 15809 15978 16419 16766 17052 17121 17166 17676 18402 18415 18434 18607 18608 18610 18614 18618 18629 18632 18633 18634 18644 18645 18647 18649 18666 18675 18676 18681 18683 18685 18838 19143 19207 19211 19307 19353 19421 19585 19906 20650 21191 21193 21197 21342 21343 21374 21419 21420 21619 21701 21707 21844 22072 22245 22247 22255 22267 22475 22525 22599 22639 22668 22724 22795 23118 23119 23148 23221 23317 23424 23435 23442 23490 23623 23672 23675 23957 24138 24141 24142 24145 24146 24153 24159 24165 24168 24169 24172 24174 24176 24177 24181 24194 24201 24208 24209 24213 24225 24227 24337 24370 24377 24383 24386 24387 24388 24390 24397 24398 24611 24697 24785 24864 24886 24887 24894 24896 24899 24900 24903 25083 25702 26046 26092 26099 26188 26411 26671 26709 27503 27897 27944 27951 27976 28208 28260 28422 28424 28997 29079 29148 29347 29367 29381 29457 29701 29851 30207 30247 30295 30517 30740 30887 31323 31385 31439 31628 31692 31766 31768 31769 31772 31774 31781 31789 31790 31796 31851 32223 32340 32353 32539 32575 32684 32928 33084 33106 33109 33240 33793 33887 33889 33914 33915 34009 34015 34108 34331 34374 34411 34954 35152 35295 35416 35735 35801 35996 36102 36285 36390 36699 36895 37275 37632
9 4088 5693 8532 9642 12398 15946 22113 22478 22605
5
9 3082 5829 6924 15913 17300 21956 25438 28156 29256
376 93 197 266 603 612 809 859 912 985 1000 1006 1037 1519 1829 1870 1998 2051 2240 2330 2349 2465 2820 2936 2950 2989 3123 3383 4179 4363 4388 4480 4592 5050 5282 5343 5376 5708 5744 6010 6213 6297 6348 6452 6455 6561 6603 6652 6839 6960 7000 7003 7023 7139 7882 8100 8180 8204 8355 8428 8499 8525 8564 8613 8866 8869 8886 8901 8907 8960 8979 9000 9002 9008 9015 9025 9082 9083 9186 9190 9209 9333 9368 9826 10005 10008 10044 10077 10154 10273 10766 10814 11112 11449 11602 11612 11662 11854 12024 12029 12753 12951 13521 13778 13785 13980 14012 14039 14042 14430 14509 14896 14920 14998 15591 16742 17271 17880 18442 18598 18616 18738 18746 18865 18931 18967 19027 19761 19840 19905 20484 20485 20524 20566 20645 20848 21134 21145 21155 21175 21291 21297 21394 21433 21460 21465 21471 21479 21481 21500 21518 21524 21547 21572 21579 21580 21581 21587 21670 21677 21752 21800 21865 21888 22127 22188 22341 22345 22363 22377 22523 22526 22537 22586 22621 22624 22625 22635 22661 22662 22677 22718 22734 22744 22745 22773 22787 22869 22898 23036 23040 23173 23177 23180 23293 23336 23383 23431 23476 23585 23617 23865 23883 24510 24533 24614 24737 24804 24819 24950 25024 25062 25371 25488 25783 25892 25916 25919 25950 26014 26135 26168 26221 26283 26389 26442 26481 26589 27209 27428 27430 27442 27447 27719 27792 28201 28229 28231 28293 28432 28475 28691 28701 28945 29022 29202 29249 29272 29356 29426 29454 29470 29602 29611 29635 29653 29702 29736 29808 29871 30013 30055 30244 30246 30254 30270 30271 30377 30531 30532 30546 30547 30580 30588 30625 30758 30930 30933 31222 31292 31332 31341 31349 31355 31406 31535 31539 31627 31646 31687 31734 31797 31873 31951 31967 32035 32037 32077 32104 32231 32241 32246 32415 32572 32780 32789 32826 32879 32886 32889 32960 33000 33486 33526 33558 33565 33653 33656 33690 33692 33718 33737 33799 33800 33946 33950 33960 33967 33998 34123 34176 34302 34495 34548 34572 34645 34648 34810 34943 35056 35073 35136 35161 35165 35440 35509 35534 35577 35588 35713 35768 35802 35825 35883 36036 36056 36174 36374 36380 36395 36425 36430 36446 36593 36649 36654 36751 36801 37008 37100 37102 37110 37113 37114 37233 37424 37425
20 461 2555 4087 6687 6795 11962 11984 11995 12761 12988 13014 13919 14222 15174 15912 17117 17492 18620 23425 24394
435 13 14 352 354 407 488 530 536 633 646 695 716 756 800 804 890 910 953 986 1077 1198 1245 1271 1369 1371 1433 1440 1606 1625 1677 1757 1828 1947 2028 2218 2321 2517 2573 2618 2651 2714 2791 2825 2963 3000 3168 3238 3243 3275 3284 3377 3598 3684 3754 3866 3904 3916 3945 4054 4056 4165 4182 4238 4239 4266 4275 4355 4371 4451 4525 4616 4693 4763 4824 4840 4913 4914 5015 5042 5304 5378 5396 5436 5517 5660 6006 6327 6344 6381 6400 6528 6564 6573 6676 6682 6760 6797 6806 6928 6944 7123 7207 7266 7291 7307 7350 7354 7446 7448 7604 7776 7788 7855 7974 8059 8248 8279 8284 8372 8439 8507 8512 8517 8543 8664 8673 8817 9042 9062 9080 9245 9363 9529 9536 9555 9614 9646 9682 9705 9738 9768 9774 9824 9948 9972 10052 10131 10170 10312 10403 10580 10588 10667 10691 10763 10791 11082 11086 11100 11147 11176 11325 11368 11381 11434 11618 11644 11675 11743 11746 11794 11959 11985 11992 12198 12312 12399 12433 12638 12907 12953 13120 13229 13320 13747 13796 13984 13998 14204 14299 14327 14364 14441 14462 14474 14487 14527 14538 14544 14589 14696 14716 14922 15233 15236 15308 15450 15719 15905 16220 16240 16346 16400 16535 16574 16629 16826 16876 16957 17136 17391 17563 17665 17687 17703 17781 17867 17910 17950 18085 18184 18219 18247 18297 18355 18462 18796 18844 18964 19032 19352 19432 19581 19622 19655 19675 19714 19831 19837 19874 20026 20067 20141 20198 20204 20264 20354 20375 20424 20452 20462 20480 20546 20592 20649 20836 21041 21064 21159 21176 21212 21293 21304 21348 21634 21720 21851 21900 22044 22090 22107 22115 22132 22156 22378 22494 22631 22720 22827 22906 22959 23083 23127 23178 23233 23462 23496 23531 23671 23761 23781 23793 24118 24296 24466 24471 24475 24477 24677 24678 25026 25027 25109 25416 25478 25548 25675 25791 25844 25853 26052 26267 26588 26640 26731 26764 26810 26837 26858 26859 26959 27081 27144 27322 27397 27405 27410 27415 27428 27675 27734 27937 27996 28019 28091 28255 28292 28320 28406 28411 28548 28589 28855 28874 29213 29467 29481 29544 29805 29813 29838 29877 29919 29960 30070 30086 30217 30412 30471 30474 30502 30552 30564 30626 30638 30659 30751 30888 30915 31060 31221 31564 31652 31706 31712 31764 31805 32080 32117 32492 32855 32889 32933 33002 33064 33127 33200 33416 33456 33568 33846 33941 33996 34157 34316 34485 34534 34624 34683 34713 34783 34827 35067 35180 35207 35403 35674 35725 35728 35916 35969 35984 36053 36065 36081 36143 36212 36218 36318 36718 36769 36838 37203 37240 37457
59 202 1608 1632 4407 5045 5051 5144 5326 8367 8581 9194 9320 10357 10661 10664 10680 10752 10796 13964 14411 14462 14750 15709 16238 17011 17092 17672 17866 18071 18258 18796 18806 20792 21568 21658 21882 22035 24751 25249 25881 26576 27687 28298 28664 29349 30199 30681 30683 31592 31687 32584 32681 34949 35003 35136 35561 36576 37554 37646
5
3 22319 22320 22321
6 13547 16592 18542 27230 29687 36873
8 3440 18768 21248 24595 27091 30353 34050 34302
34 4210 5110 5991 10648 15079 18895 20368 21797 23446 23623 26534 26648 27742 27999 28234 29763 30848 31431 31467 32553 32688 32811 33004 33553 33585 33941 33942 33969 34793 35712 35780 36087 36398 37129
62 92 1045 2899 3989 4240 4481 4595 5076 6009 6149 7205 7265 8072 9744 10753 11279 12039 12213 12443 13032 13376 14354 14594 14993 15260 15453 15577 16577 17797 18909 19055 19589 19764 21597 23163 23251 25391 25628 25646 25681 26705 26876 26922 27250 27591 29494 29766 30561 31450 31823 31890 32114 32997 33042 33069 33640 33694 36019 36286 36599 36949 37498
5
14 3939 4020 8114 9414 9649 10645 12168 13029 13836 16611 23741 30805 36415 36878
183 7 38 53 91 607 636 1044 1183 1528 1549 1854 1927 1954 2057 2060 2100 2681 3031 3129 3150 3324 3450 3716 4714 4913 5000 5035 5277 5320 5513 5682 5846 5916 5931 5987 6043 6185 6243 6344 6648 6678 7005 7206 7245 7468 7634 7658 7780 7788 7972 8024 8136 8208 8257 8323 8367 9229 9434 9512 9574 9637 9707 10031 10049 10144 10206 10221 10434 10473 10584 10854 10922 10989 11118 11138 11717 11734 12015 12283 13117 13341 13376 13717 13736 13755 13787 13996 14168 14214 14233 14311 14344 14361 14393 14415 14444 14609 14939 14965 15084 15453 15556 15838 15841 16028 17089 17700 17905 17986 18286 18730 18807 19220 19241 19842 19891 20550 20607 21217 21256 21412 21682 22002 22185 22851 22879 22987 23016 23074 23959 23975 24264 24323 24594 24613 24733 24935 24941 25217 25229 25566 25727 25809 26073 26165 26763 27190 27273 28166 29009 29111 29200 29411 29721 30286 30455 30640 31140 31910 32012 32654 33302 33362 34197 34258 34710 34921 34953 35056 35057 35109 35148 35458 35493 35910 35913 36381 36492 36496 36857 37007 37092 37603
7 3972 4549 15010 20717 21491 25275 33163
6 598 2111 4377 8557 9708 15656
34 3002 3602 3907 8703 9412 11374 11522 11624 19312 20700 21088 22487 22933 23370 24863 25014 25674 25901 25903 28154 28476 29507 29676 29942 30998 32462 32463 34180 35215 35322 35344 35683 36212 37229
5
33 6238 11998 13956 17123 19140 20751 22542 25395 25622 25741 26019 29345 29558 29561 29659 30518 30527 30536 30541 30542 30561 30583 30587 30596 30604 30612 30613 30614 30615 30638 30645 30652 30656
2 24523 24524
17 811 990 1446 2685 7501 9384 9387 10840 13103 16188 16725 16840 19466 25142 29771 30418 35795
320 92 100 200 458 578 697 806 978 1049 1070 1279 1315 1389 1496 1518 1603 1654 1664 1850 1982 2022 2037 2074 2079 2418 2425 2475 2520 2579 2602 2662 2696 2785 2866 3234 3243 3506 3717 3880 4071 4102 4201 4297 4335 4357 4369 4406 4409 4689 4733 4740 4841 4983 5038 5040 5661 6050 6092 6127 6348 6659 6766 6858 7046 7123 7257 7384 7421 7422 7654 7677 7734 7853 7916 7918 8184 8261 8289 8292 8299 8429 8511 9199 9311 9477 9572 9597 9630 9639 9649 9662 9673 9716 9766 9797 9810 9910 9966 10272 10363 10781 10896 11101 11215 11216 11244 11628 11636 11901 12098 12124 12218 12396 12426 12436 12656 12695 12699 12737 13171 13302 13886 14079 14196 14221 14258 14272 14295 14301 14353 14370 14514 14702 14747 14856 15029 15052 15155 15311 15327 15577 15965 15981 16031 16093 16213 16370 16425 16430 16527 16590 16628 16642 16830 16912 17049 17184 17279 17354 17408 17507 17558 17711 17819 18029 18147 18296 18307 18309 18553 18712 18818 18857 19122 19250 19308 19482 19845 19955 20240 20473 20574 20757 20803 20819 21041 21086 21381 21616 21647 21655 21674 22123 22192 22251 22265 22286 22490 22497 22722 22819 22916 22981 23144 23163 23173 23303 23305 23473 23595 23603 23941 23970 24240 24293 24325 24337 24417 24448 24553 24709 24772 24917 24945 24955 25087 25160 25481 25690 25795 25882 25927 25963 26224 26513 27059 27064 27267 27483 27713 27742 27912 28026 28047 28184 28354 28383 28453 28675 28779 28792 28845 29124 29135 29455 29552 29682 29899 29955 30103 30118 30182 30293 30397 30423 30666 30709 30837 30972 31024 31027 31041 31237 31703 31741 31779 31942 31943 31976 32077 32415 32450 32585 33289 33313 33688 33910 33915 33920 34309 34343 34357 34391 34394 34872 34966 35162 35425 35508 35630 35642 35971 36065 36273 36320 36364 36413 36439 36535 36546 36677 37114 37188 37218 37352 37457 37619 37640 37654 37665
6 4744 8871 14103 26941 31403 32772
5
9 4746 6949 11146 20082 30815 33941 35196 37622 37693
6292 5 6 11 19 21 26 33 35 36 43 49 55 57 61 70 72 80 81 90 92 95 120 124 145 150 157 162 164 182 183 185 193 194 198 228 234 242 245 252 257 277 281 287 290 298 303 304 307 308 315 317 323 330 343 359 361 364 371 381 388 389 394 395 404 407 408 412 418 419 422 429 434 437 441 462 463 470 473 475 490 496 499 500 507 508 517 523 533 541 542 548 549 553 561 564 570 579 587 594 597 611 633 650 656 666 670 674 675 680 683 691 699 704 709 711 728 731 736 737 748 759 764 774 778 783 788 790 800 808 821 831 838 849 850 862 864 865 866 884 891 903 911 916 923 937 940 942 951 956 961 963 974 979 1002 1010 1013 1035 1038 1039 1043 1045 1055 1061 1079 1090 1096 1099 1110 1113 1119 1121 1125 1143 1151 1156 1159 1161 1162 1181 1184 1187 1192 1195 1198 1201 1208 1211 1214 1220 1223 1240 1245 1263 1267 1280 1284 1299 1300 1312 1313 1316 1324 1331 1333 1336 1344 1349 1350 1351 1357 1365 1372 1376 1379 1383 1384 1400 1403 1404 1406 1412 1413 1417 1423 1425 1429 1438 1441 1442 1452 1456 1458 1464 1466 1474 1488 1506 1512 1515 1516 1522 1532 1535 1538 1561 1584 1596 1597 1598 1602 1603 1610 1612 1621 1633 1647 1668 1681 1690 1692 1704 1725 1726 1732 1735 1737 1739 1740 1750 1756 1763 1766 1767 1774 1776 1779 1781 1790 1796 1801 1806 1809 1811 1818 1819 1820 1831 1838 1841 1845 1859 1866 1874 1880 1885 1888 1893 1896 1899 1902 1904 1906 1915 1923 1924 1932 1940 1941 1942 1944 1969 1972 1978 1983 1986 1989 1996 1999 2005 2008 2010 2015 2021 2027 2030 2032 2039 2042 2043 2053 2055 2059 2065 2081 2086 2090 2091 2094 2095 2106 2117 2121 2122 2130 2131 2132 2137 2138 2143 2154 2164 2167 2171 2174 2178 2187 2192 2198 2204 2214 2220 2224 2225 2236 2239 2243 2246 2256 2263 2267 2277 2281 2285 2289 2296 2303 2312 2314 2319 2327 2338 2341 2343 2383 2386 2401 2409 2423 2428 2438 2439 2441 2470 2474 2479 2480 2504 2507 2510 2544 2560 2562 2565 2581 2585 2587 2589 2603 2605 2608 2623 2634 2650 2654 2662 2667 2668 2686 2689 2690 2695 2699 2702 2710 2713 2719 2726 2734 2755 2768 2788 2790 2794 2796 2803 2806 2811 2818 2823 2824 2829 2842 2843 2845 2848 2859 2874 2875 2877 2880 2881 2889 2898 2899 2904 2905 2911 2921 2923 2926 2934 2938 2940 2953 2996 3004 3010 3022 3023 3024 3027 3037 3045 3048 3056 3057 3063 3065 3074 3075 3080 3085 3093 3102 3104 3108 3112 3126 3135 3141 3144 3159 3161 3182 3183 3187 3188 3191 3192 3196 3220 3223 3224 3237 3247 3260 3273 3277 3283 3320 3333 3336 3359 3394 3396 3403 3405 3408 3422 3438 3442 3446 3453 3455 3465 3467 3472 3473 3474 3480 3495 3499 3500 3502 3503 3507 3509 3510 3513 3517 3518 3526 3529 3540 3542 3546 3556 3567 3569 3575 3582 3583 3603 3618 3622 3625 3627 3628 3642 3651 3653 3654 3658 3664 3669 3670 3675 3679 3683 3687 3690 3693 3706 3723 3724 3734 3736 3740 3742 3745 3752 3759 3762 3768 3786 3794 3795 3796 3803 3808 3821 3833 3836 3841 3852 3855 3860 3870 3873 3889 3890 3892 3895 3901 3905 3906 3908 3915 3923 3927 3941 3956 3957 3962 3965 3974 3979 3983 4003 4004 4020 4051 4052 4055 4056 4058 4067 4073 4077 4083 4105 4116 4122 4123 4126 4129 4132 4136 4141 4143 4150 4154 4162 4169 4174 4175 4180 4185 4187 4188 4189 4195 4217 4223 4234 4254 4287 4290 4294 4299 4307 4318 4333 4338 4341 4345 4347 4356 4364 4367 4370 4383 4387 4392 4396 4399 4400 4401 4402 4405 4410 4411 4415 4417 4418 4419 4423 4428 4429 4435 4437 4438 4441 4443 4452 4457 4461 4462 4470 4484 4492 4496 4501 4511 4519 4526 4528 4533 4536 4537 4540 4541 4542 4544 4549 4556 4557 4560 4569 4570 4576 4580 4583 4585 4594 4595 4598 4611 4622 4624 4639 4644 4649 4650 4655 4657 4665 4673 4675 4685 4695 4700 4709 4712 4720 4726 4727 4728 4736 4739 4749 4766 4772 4773 4779 4782 4790 4791 4795 4796 4798 4799 4802 4804 4805 4806 4810 4814 4818 4828 4856 4866 4871 4873 4876 4880 4884 4888 4890 4898 4911 4913 4914 4918 4919 4923 4924 4931 4940 4945 4948 4952 4962 4968 4969 4991 4995 4997 4998 5013 5015 5019 5030 5052 5061 5065 5076 5078 5079 5090 5094 5097 5103 5104 5106 5118 5119 5125 5129 5133 5137 5141 5155 5162 5166 5174 5175 5181 5183 5203 5219 5233 5247 5249 5253 5256 5272 5275 5276 5285 5292 5293 5294 5298 5314 5320 5327 5341 5356 5362 5372 5373 5379 5386 5387 5391 5403 5409 5420 5424 5426 5427 5429 5432 5438 5440 5443 5449 5454 5471 5475 5499 5511 5521 5522 5523 5525 5544 5551 5554 5559 5565 5578 5586 5591 5593 5595 5606 5617 5619 5620 5623 5626 5634 5641 5642 5644 5645 5650 5655 5664 5666 5669 5679 5681 5685 5692 5696 5698 5699 5701 5702 5727 5730 5734 5736 5755 5757 5768 5769 5771 5772 5773 5774 5777 5779 5780 5781 5784 5786 5790 5791 5796 5798 5801 5802 5803 5805 5806 5810 5814 5817 5825 5839 5844 5848 5852 5867 5871 5894 5896 5906 5907 5912 5913 5916 5918 5928 5930 5944 5946 5955 5958 5964 5967 5977 5997 5998 6009 6028 6046 6054 6062 6067 6072 6075 6077 6079 6082 6094 6096 6099 6100 6112 6126 6130 6133 6138 6141 6149 6151 6155 6157 6162 6163 6166 6172 6174 6175 6191 6194 6199 6203 6205 6206 6209 6222 6224 6229 6238 6240 6258 6268 6272 6276 6280 6282 6291 6294 6305 6307 6311 6312 6318 6324 6325 6327 6331 6372 6377 6380 6385 6386 6387 6390 6394 6397 6408 6418 6419 6429 6435 6439 6443 6449 6457 6459 6463 6465 6467 6468 6472 6474 6478 6480 6489 6490 6507 6511 6512 6518 6522 6523 6525 6528 6531 6538 6543 6545 6546 6550 6554 6579 6586 6587 6601 6606 6607 6609 6612 6617 6638 6643 6659 6660 6665 6669 6670 6671 6672 6674 6681 6685 6686 6710 6720 6721 6724 6725 6728 6741 6748 6755 6756 6759 6761 6766 6782 6786 6796 6818 6831 6832 6841 6849 6850 6851 6852 6854 6855 6857 6863 6874 6889 6906 6907 6910 6912 6915 6916 6919 6934 6937 6947 6948 6950 6967 6973 6981 6982 6983 6987 6996 6997 6999 7001 7014 7015 7026 7031 7044 7071 7079 7090 7098 7101 7102 7104 7106 7107 7128 7129 7130 7140 7141 7142 7144 7170 7174 7177 7186 7191 7192 7194 7202 7203 7206 7218 7228 7229 7234 7243 7264 7278 7281 7285 7291 7294 7297 7312 7316 7318 7325 7326 7331 7341 7344 7348 7364 7369 7373 7374 7380 7391 7397 7399 7402 7408 7412 7420 7423 7425 7431 7451 7452 7453 7455 7457 7464 7465 7471 7477 7493 7495 7496 7497 7498 7503 7508 7515 7518 7521 7524 7534 7535 7537 7541 7545 7548 7567 7579 7581 7582 7586 7587 7588 7590 7591 7592 7593 7595 7598 7599 7600 7601 7606 7609 7617 7619 7622 7623 7629 7630 7635 7641 7645 7657 7680 7685 7689 7690 7695 7696 7698 7699 7702 7733 7742 7774 7776 7788 7789 7794 7795 7796 7814 7817 7820 7821 7823 7827 7831 7834 7837 7839 7842 7845 7862 7864 7865 7871 7881 7888 7921 7923 7926 7935 7940 7945 7957 7969 7974 7983 7993 8000 8020 8022 8048 8058 8074 8078 8098 8102 8114 8115 8121 8132 8161 8168 8169 8176 8179 8181 8185 8198 8211 8215 8221 8232 8236 8241 8246 8252 8258 8259 8263 8268 8272 8287 8289 8291 8301 8306 8308 8309 8311 8314 8320 8336 8339 8342 8349 8352 8362 8369 8370 8379 8380 8381 8384 8388 8390 8396 8399 8400 8402 8418 8423 8426 8430 8435 8436 8469 8480 8482 8489 8491 8506 8509 8516 8519 8520 8522 8524 8535 8537 8547 8562 8566 8573 8576 8585 8587 8603 8619 8620 8628 8632 8643 8644 8650 8652 8656 8657 8658 8659 8660 8664 8665 8674 8678 8681 8695 8699 8713 8716 8718 8722 8727 8730 8732 8735 8736 8738 8740 8750 8754 8764 8769 8770 8778 8790 8794 8814 8819 8820 8838 8846 8864 8879 8902 8906 8921 8929 8934 8937 8942 8947 8980 8988 8989 8990 9016 9020 9027 9040 9071 9111 9116 9119 9121 9123 9124 9143 9147 9162 9189 9203 9215 9218 9226 9243 9265 9277 9279 9280 9283 9289 9294 9295 9300 9303 9307 9312 9314 9315 9320 9322 9332 9340 9358 9359 9362 9363 9378 9381 9405 9414 9421 9431 9434 9448 9474 9478 9481 9483 9489 9490 9508 9512 9516 9517 9521 9532 9542 9547 9562 9569 9572 9580 9588 9589 9590 9591 9596 9598 9603 9605 9619 9635 9639 9642 9643 9649 9656 9660 9663 9668 9682 9690 9696 9702 9711 9721 9724 9727 9731 9733 9736 9739 9740 9752 9762 9771 9788 9790 9791 9795 9805 9819 9820 9831 9833 9834 9837 9840 9850 9854 9871 9876 9889 9903 9906 9909 9915 9920 9922 9923 9935 9939 9943 9944 9955 9983 9987 9989 9994 10002 10007 10009 10034 10041 10053 10055 10057 10060 10066 10076 10080 10084 10085 10086 10098 10099 10103 10107 10110 10123 10138 10142 10143 10148 10149 10152 10158 10168 10174 10183 10188 10204 10211 10241 10243 10249 10257 10269 10276 10279 10282 10283 10292 10294 10296 10298 10307 10312 10317 10321 10334 10357 10359 10378 10379 10381 10414 10420 10433 10448 10451 10471 10496 10504 10505 10508 10516 10520 10526 10531 10533 10534 10540 10547 10550 10551 10566 10576 10579 10601 10633 10638 10639 10645 10650 10656 10675 10680 10683 10690 10704 10705 10712 10714 10719 10721 10722 10729 10732 10734 10740 10744 10746 10778 10789 10790 10797 10798 10801 10802 10805 10819 10827 10849 10860 10861 10864 10865 10866 10867 10881 10884 10886 10894 10896 10900 10903 10904 10914 10924 10925 10928 10929 10952 10955 10970 10972 11006 11007 11010 11024 11027 11032 11035 11039 11041 11043 11047 11068 11072 11084 11093 11097 11125 11139 11140 11143 11158 11168 11169 11170 11180 11186 11205 11213 11218 11229 11234 11244 11256 11257 11259 11263 11264 11272 11276 11290 11298 11300 11301 11307 11314 11318 11320 11322 11324 11336 11371 11379 11385 11418 11425 11442 11444 11453 11473 11476 11480 11484 11485 11486 11490 11502 11505 11506 11514 11519 11539 11556 11558 11560 11568 11578 11579 11587 11588 11591 11601 11606 11616 11621 11650 11654 11671 11677 11682 11686 11690 11693 11698 11703 11706 11726 11729 11730 11746 11753 11754 11756 11761 11766 11768 11774 11779 11784 11798 11805 11806 11821 11823 11824 11825 11830 11831 11832 11833 11834 11836 11838 11839 11841 11851 11863 11866 11869 11871 11873 11877 11891 11903 11913 11927 11936 11938 11949 11966 11978 11982 11986 11994 11996 11998 12004 12005 12006 12010 12011 12013 12035 12037 12057 12082 12085 12100 12120 12123 12125 12129 12130 12131 12136 12138 12144 12152 12153 12157 12160 12170 12175 12176 12177 12178 12180 12190 12192 12205 12208 12218 12220 12230 12231 12238 12241 12259 12263 12264 12267 12271 12274 12278 12281 12290 12303 12310 12312 12317 12323 12340 12353 12354 12355 12358 12373 12382 12388 12389 12394 12397 12402 12403 12407 12415 12423 12424 12425 12427 12447 12448 12450 12453 12454 12466 12471 12473 12477 12481 12494 12500 12501 12509 12515 12517 12522 12524 12525 12526 12528 12530 12532 12535 12537 12539 12540 12541 12542 12551 12553 12560 12574 12581 12586 12588 12589 12590 12592 12602 12608 12609 12610 12613 12618 12622 12628 12629 12631 12635 12637 12643 12644 12645 12649 12650 12655 12657 12659 12660 12661 12665 12666 12673 12675 12680 12684 12685 12686 12693 12695 12700 12701 12702 12704 12708 12709 12711 12713 12716 12717 12719 12722 12727 12728 12729 12731 12733 12742 12743 12750 12752 12755 12757 12775 12776 12779 12787 12793 12803 12808 12809 12814 12822 12823 12833 12834 12840 12841 12843 12844 12847 12853 12859 12875 12876 12877 12878 12880 12883 12885 12886 12894 12905 12942 12948 12949 12954 12956 12958 12962 12974 12990 13004 13023 13024 13026 13029 13062 13068 13071 13072 13075 13076 13078 13086 13114 13117 13120 13123 13129 13143 13145 13147 13148 13203 13232 13234 13235 13236 13237 13240 13243 13244 13253 13257 13260 13268 13273 13281 13286 13308 13310 13317 13321 13322 13331 13333 13335 13343 13352 13364 13373 13377 13380 13382 13389 13390 13391 13392 13397 13398 13400 13402 13405 13406 13407 13409 13410 13414 13417 13420 13423 13428 13429 13431 13432 13433 13435 13437 13440 13441 13449 13451 13454 13457 13459 13461 13462 13463 13465 13466 13468 13471 13474 13475 13476 13478 13479 13481 13482 13486 13527 13528 13529 13531 13534 13535 13536 13538 13539 13540 13541 13542 13543 13544 13546 13547 13550 13552 13553 13554 13556 13558 13561 13562 13563 13565 13568 13570 13571 13573 13575 13576 13581 13582 13583 13584 13585 13586 13587 13588 13590 13593 13594 13595 13597 13600 13602 13605 13606 13607 13608 13609 13610 13611 13615 13621 13623 13624 13625 13627 13629 13630 13632 13638 13655 13660 13667 13679 13682 13691 13693 13699 13705 13707 13724 13726 13729 13732 13735 13736 13753 13754 13756 13759 13760 13761 13767 13769 13773 13787 13795 13796 13799 13801 13803 13806 13810 13811 13814 13815 13817 13829 13837 13849 13850 13859 13863 13864 13886 13892 13918 13932 13956 13966 13968 13989 13993 13996 14014 14020 14028 14071 14072 14073 14076 14088 14090 14094 14096 14108 14111 14113 14114 14115 14116 14120 14125 14130 14132 14138 14161 14175 14179 14181 14191 14193 14194 14195 14218 14249 14250 14253 14257 14258 14265 14267 14270 14272 14274 14286 14288 14300 14305 14313 14314 14316 14320 14323 14326 14331 14333 14342 14343 14346 14351 14353 14360 14363 14380 14386 14391 14400 14401 14424 14427 14428 14440 14441 14461 14462 14464 14488 14497 14501 14508 14510 14514 14516 14518 14519 14520 14528 14530 14531 14532 14547 14548 14560 14561 14563 14564 14565 14568 14569 14570 14571 14584 14609 14613 14615 14627 14635 14643 14646 14647 14658 14676 14679 14686 14687 14704 14713 14719 14720 14721 14724 14725 14728 14730 14756 14757 14758 14760 14761 14765 14770 14771 14775 14780 14791 14792 14796 14799 14807 14808 14813 14817 14832 14840 14853 14861 14863 14864 14866 14878 14884 14886 14888 14892 14894 14897 14898 14908 14909 14914 14919 14923 14937 14938 14954 14958 14959 14971 15004 15006 15007 15011 15014 15015 15021 15026 15037 15040 15061 15069 15074 15076 15080 15120 15121 15128 15133 15150 15151 15176 15189 15200 15201 15202 15207 15213 15216 15217 15220 15228 15243 15320 15324 15336 15339 15342 15362 15365 15375 15388 15391 15394 15414 15426 15442 15457 15475 15476 15486 15500 15506 15514 15516 15520 15523 15525 15535 15542 15543 15556 15563 15568 15579 15581 15583 15584 15598 15600 15602 15604 15608 15619 15620 15634 15638 15649 15652 15662 15667 15680 15690 15703 15704 15707 15743 15749 15751 15765 15776 15779 15781 15800 15804 15811 15814 15818 15825 15831 15837 15847 15859 15863 15877 15879 15887 15889 15895 15921 15928 15933 15945 15947 15948 15951 15974 15975 15990 16014 16021 16033 16053 16064 16069 16074 16077 16084 16086 16096 16110 16116 16144 16170 16192 16195 16203 16209 16218 16219 16220 16221 16238 16247 16256 16264 16286 16321 16326 16339 16342 16343 16383 16389 16390 16391 16404 16418 16422 16427 16433 16436 16438 16443 16444 16446 16451 16454 16456 16461 16475 16483 16486 16503 16507 16518 16520 16538 16542 16543 16546 16564 16576 16578 16583 16587 16589 16593 16594 16605 16621 16622 16625 16638 16644 16645 16647 16649 16656 16658 16663 16666 16667 16670 16673 16679 16686 16690 16699 16708 16712 16719 16731 16737 16747 16749 16756 16767 16768 16777 16779 16804 16812 16821 16849 16853 16857 16871 16880 16889 16913 16932 16961 16965 16975 16982 16983 16985 16995 17001 17004 17016 17023 17028 17054 17060 17068 17070 17084 17086 17091 17092 17102 17105 17109 17111 17113 17123 17134 17138 17144 17148 17153 17159 17162 17165 17171 17172 17178 17182 17189 17197 17200 17204 17217 17218 17220 17225 17228 17231 17241 17244 17245 17247 17255 17285 17288 17293 17303 17307 17316 17324 17327 17335 17362 17369 17397 17402 17411 17424 17427 17466 17468 17469 17471 17477 17482 17490 17497 17506 17508 17512 17516 17528 17535 17537 17540 17545 17551 17565 17575 17581 17586 17590 17593 17596 17598 17616 17626 17630 17637 17638 17658 17661 17663 17665 17670 17671 17673 17689 17691 17694 17695 17696 17697 17710 17713 17718 17723 17729 17734 17737 17740 17742 17773 17775 17783 17785 17792 17802 17810 17831 17832 17852 17853 17858 17860 17865 17870 17877 17889 17894 17905 17911 17938 17942 17943 17944 17945 17966 17972 17974 17978 18017 18025 18031 18033 18036 18058 18060 18061 18068 18080 18081 18118 18128 18133 18138 18139 18141 18156 18168 18170 18172 18182 18197 18221 18223 18224 18229 18232 18261 18264 18265 18282 18284 18287 18296 18301 18307 18317 18326 18327 18333 18335 18345 18360 18365 18375 18384 18389 18399 18407 18408 18410 18411 18412 18422 18426 18433 18437 18439 18440 18441 18443 18448 18450 18452 18453 18458 18461 18473 18499 18501 18504 18512 18534 18538 18556 18557 18561 18566 18570 18571 18572 18582 18595 18596 18597 18654 18694 18695 18698 18701 18705 18714 18715 18718 18720 18721 18726 18729 18736 18737 18740 18741 18742 18745 18748 18749 18751 18752 18753 18756 18757 18759 18762 18768 18782 18793 18805 18821 18839 18866 18873 18876 18880 18889 18892 18893 18896 18897 18904 18905 18906 18908 18909 18923 18929 18932 18933 18934 18935 18936 18941 18947 18949 18950 18952 18959 18962 18969 18971 18972 18976 18977 18983 18991 19022 19033 19037 19055 19059 19067 19083 19096 19126 19127 19134 19136 19137 19140 19147 19157 19179 19183 19185 19186 19187 19221 19223 19225 19229 19234 19236 19239 19247 19248 19265 19270 19285 19287 19292 19294 19297 19305 19309 19314 19317 19324 19325 19326 19333 19357 19358 19372 19378 19386 19387 19390 19396 19402 19418 19419 19425 19433 19436 19461 19462 19468 19470 19481 19497 19499 19505 19516 19522 19528 19529 19533 19535 19573 19576 19582 19584 19586 19589 19594 19595 19605 19612 19614 19621 19626 19627 19633 19634 19639 19646 19649 19654 19657 19658 19664 19676 19678 19680 19698 19702 19703 19706 19707 19709 19738 19742 19746 19753 19757 19758 19767 19772 19778 19782 19790 19796 19797 19799 19845 19849 19884 19885 19891 19934 19936 19941 19942 19947 19958 19975 20010 20011 20022 20031 20038 20040 20042 20050 20052 20054 20065 20069 20070 20074 20086 20095 20104 20105 20111 20115 20119 20121 20127 20129 20132 20135 20137 20138 20146 20148 20159 20169 20172 20174 20175 20200 20209 20210 20219 20236 20237 20240 20243 20253 20257 20268 20269 20278 20279 20280 20282 20284 20290 20291 20292 20303 20305 20327 20328 20352 20356 20358 20361 20363 20364 20365 20366 20367 20377 20379 20380 20381 20383 20384 20385 20386 20390 20392 20393 20394 20395 20396 20397 20398 20400 20403 20406 20408 20409 20410 20413 20415 20416 20419 20420 20424 20426 20429 20437 20439 20441 20442 20443 20446 20448 20449 20451 20452 20453 20454 20455 20456 20460 20462 20463 20465 20466 20467 20468 20469 20470 20471 20473 20476 20477 20478 20481 20486 20487 20488 20493 20505 20511 20519 20520 20521 20525 20528 20529 20536 20541 20542 20554 20559 20567 20572 20578 20579 20582 20583 20600 20601 20602 20610 20615 20636 20637 20642 20646 20651 20661 20667 20673 20675 20676 20688 20690 20692 20695 20714 20718 20731 20732 20736 20739 20740 20741 20742 20744 20746 20751 20756 20758 20759 20760 20770 20779 20781 20798 20800 20803 20809 20811 20817 20824 20826 20831 20832 20846 20852 20862 20872 20874 20903 20917 20918 20958 20971 20974 20980 21004 21006 21011 21014 21027 21030 21037 21039 21062 21063 21064 21065 21075 21078 21091 21092 21093 21095 21096 21097 21098 21099 21100 21102 21103 21104 21105 21106 21108 21109 21113 21114 21115 21118 21119 21120 21121 21122 21123 21124 21125 21126 21127 21128 21129 21161 21172 21173 21184 21188 21192 21195 21203 21226 21236 21244 21245 21247 21256 21259 21262 21263 21264 21267 21268 21269 21271 21276 21281 21293 21294 21295 21298 21302 21303 21305 21306 21307 21308 21310 21334 21344 21358 21368 21371 21380 21381 21390 21391 21395 21402 21405 21407 21417 21422 21431 21437 21438 21440 21441 21448 21501 21510 21556 21573 21591 21594 21595 21599 21612 21630 21646 21647 21653 21666 21668 21669 21675 21676 21705 21706 21708 21724 21756 21757 21759 21760 21761 21763 21766 21767 21780 21783 21788 21789 21790 21796 21803 21810 21817 21822 21849 21863 21867 21868 21871 21874 21886 21892 21897 21904 21905 21906 21913 21926 21927 21933 21934 21937 21938 21939 21943 21945 21952 21954 21955 21959 21960 21974 21975 21977 21982 21987 21991 22023 22027 22033 22042 22050 22061 22062 22064 22067 22069 22070 22071 22075 22079 22083 22086 22090 22099 22103 22105 22111 22113 22114 22119 22126 22128 22150 22190 22198 22201 22207 22214 22216 22224 22227 22256 22260 22261 22262 22269 22271 22276 22278 22284 22285 22287 22298 22326 22353 22375 22384 22400 22408 22410 22411 22412 22415 22416 22417 22418 22419 22421 22422 22423 22425 22426 22427 22428 22430 22431 22443 22445 22451 22466 22468 22472 22477 22486 22494 22499 22507 22509 22542 22543 22545 22549 22551 22552 22554 22556 22567 22570 22581 22582 22584 22585 22606 22614 22630 22632 22636 22640 22653 22686 22750 22774 22778 22781 22782 22783 22791 22823 22826 22827 22828 22829 22830 22831 22832 22834 22835 22836 22838 22839 22840 22848 22850 22853 22857 22861 22862 22874 22876 22878 22888 22895 22905 22906 22909 22910 22921 22930 22932 22939 22944 22946 22948 22955 22956 22957 22958 22960 22969 23000 23004 23005 23006 23009 23011 23015 23024 23025 23026 23028 23039 23041 23044 23046 23049 23050 23052 23053 23055 23058 23064 23066 23067 23069 23070 23075 23076 23083 23091 23093 23096 23106 23107 23121 23124 23129 23133 23136 23137 23139 23144 23145 23146 23147 23149 23150 23151 23156 23163 23170 23194 23202 23203 23204 23206 23208 23212 23219 23223 23253 23256 23260 23269 23288 23289 23290 23291 23292 23294 23295 23296 23300 23301 23313 23314 23319 23321 23340 23341 23346 23348 23362 23368 23374 23378 23387 23471 23473 23492 23493 23494 23495 23501 23502 23503 23504 23505 23506 23521 23526 23528 23529 23531 23533 23543 23544 23547 23551 23557 23559 23560 23561 23562 23563 23568 23569 23571 23574 23575 23576 23577 23584 23588 23589 23590 23595 23598 23602 23603 23604 23613 23614 23615 23624 23625 23634 23635 23636 23649 23653 23656 23668 23688 23692 23695 23696 23702 23718 23724 23732 23733 23734 23735 23736 23737 23738 23742 23757 23759 23763 23769 23772 23776 23779 23796 23814 23826 23831 23833 23847 23857 23862 23866 23867 23874 23875 23881 23890 23892 23893 23895 23897 23905 23907 23908 23915 23920 23922 23924 23925 23937 23993 24023 24025 24034 24035 24038 24045 24048 24049 24053 24055 24057 24058 24059 24081 24091 24093 24094 24098 24100 24101 24104 24107 24132 24136 24175 24216 24218 24220 24224 24231 24233 24237 24249 24271 24281 24324 24325 24343 24364 24365 24366 24367 24368 24400 24402 24406 24407 24424 24425 24426 24427 24428 24433 24445 24448 24450 24455 24463 24464 24466 24477 24481 24485 24502 24514 24515 24522 24537 24538 24546 24550 24586 24588 24609 24610 24615 24617 24619 24622 24623 24642 24647 24651 24665 24666 24670 24671 24676 24679 24694 24708 24710 24714 24723 24725 24728 24731 24736 24743 24744 24745 24746 24747 24756 24776 24833 24840 24842 24845 24847 24848 24853 24865 24866 24870 24872 24904 24905 24906 24912 24917 24918 24921 24925 24930 24935 24937 24938 24952 24984 25007 25016 25018 25020 25021 25030 25031 25032 25034 25038 25051 25059 25060 25063 25065 25066 25068 25070 25071 25072 25073 25074 25075 25081 25087 25097 25102 25103 25104 25117 25131 25138 25140 25163 25166 25168 25170 25171 25172 25179 25180 25183 25190 25193 25196 25202 25203 25206 25207 25208 25209 25210 25213 25220 25223 25225 25228 25239 25257 25259 25260 25262 25270 25279 25281 25289 25324 25358 25373 25374 25375 25390 25395 25398 25413 25414 25441 25450 25455 25459 25464 25465 25466 25468 25470 25471 25479 25487 25495 25502 25503 25504 25508 25509 25516 25525 25532 25539 25547 25551 25553 25562 25577 25582 25600 25602 25607 25609 25615 25620 25622 25624 25625 25626 25627 25628 25629 25630 25631 25632 25634 25635 25636 25668 25671 25689 25691 25697 25705 25725 25726 25732 25733 25741 25744 25745 25746 25752 25766 25771 25779 25792 25796 25798 25800 25813 25815 25816 25827 25829 25830 25839 25843 25844 25848 25849 25850 25851 25875 25882 25899 25900 25911 25913 25914 25925 25932 25961 25978 25996 26019 26027 26028 26029 26030 26031 26033 26034 26037 26038 26039 26040 26042 26043 26048 26073 26083 26096 26097 26098 26105 26108 26111 26118 26121 26122 26124 26131 26133 26147 26150 26161 26172 26173 26180 26192 26196 26211 26215 26250 26252 26253 26257 26259 26260 26261 26264 26265 26270 26272 26273 26274 26276 26280 26282 26284 26286 26288 26290 26291 26293 26295 26296 26297 26298 26305 26323 26326 26327 26329 26331 26338 26393 26418 26419 26421 26439 26441 26448 26457 26464 26474 26486 26487 26495 26498 26499 26502 26503 26509 26513 26515 26519 26520 26523 26524 26526 26529 26536 26537 26547 26549 26552 26556 26571 26573 26574 26576 26578 26579 26583 26592 26600 26601 26605 26608 26627 26635 26636 26643 26647 26649 26650 26656 26664 26665 26666 26667 26679 26680 26683 26696 26705 26710 26726 26728 26743 26745 26746 26747 26768 26769 26770 26771 26776 26782 26787 26799 26800 26802 26815 26843 26845 26853 26864 26865 26869 26877 26879 26880 26890 26914 26920 26921 26926 26935 26941 26948 26950 26952 26953 26967 26972 26973 26977 26981 26985 26996 27028 27036 27045 27053 27062 27069 27084 27136 27141 27144 27145 27152 27156 27160 27165 27166 27168 27170 27172 27173 27175 27185 27192 27195 27211 27212 27227 27230 27238 27260 27262 27265 27266 27267 27276 27280 27281 27283 27284 27289 27292 27293 27294 27295 27303 27305 27308 27312 27321 27322 27324 27335 27352 27354 27356 27363 27364 27365 27370 27384 27386 27387 27388 27389 27411 27412 27413 27414 27415 27449 27472 27476 27477 27479 27481 27484 27499 27507 27509 27510 27511 27512 27515 27517 27520 27522 27523 27524 27525 27526 27529 27530 27531 27532 27533 27535 27538 27539 27540 27543 27545 27547 27549 27551 27553 27554 27555 27556 27558 27559 27560 27561 27562 27563 27564 27565 27566 27567 27568 27569 27570 27571 27573 27574 27575 27576 27578 27579 27580 27582 27583 27584 27585 27586 27587 27588 27589 27590 27591 27592 27593 27594 27595 27596 27597 27598 27600 27602 27603 27605 27606 27607 27610 27612 27614 27618 27620 27621 27622 27623 27624 27626 27627 27629 27631 27632 27634 27635 27636 27640 27642 27643 27646 27647 27648 27649 27650 27651 27652 27654 27655 27656 27658 27659 27660 27661 27662 27663 27664 27665 27666 27668 27670 27671 27673 27674 27675 27677 27678 27679 27680 27681 27682 27683 27684 27685 27687 27688 27689 27690 27691 27692 27693 27694 27704 27706 27710 27711 27712 27713 27716 27718 27721 27723 27725 27729 27736 27757 27758 27762 27765 27794 27797 27799 27800 27802 27805 27811 27820 27825 27826 27831 27832 27841 27843 27846 27854 27867 27894 27898 27900 27906 27909 27913 27921 27922 27925 27926 27930 27931 27936 27946 27972 27975 27978 27997 27998 28004 28019 28023 28024 28025 28027 28032 28035 28036 28037 28046 28051 28061 28079 28080 28086 28093 28101 28118 28119 28120 28121 28122 28125 28126 28130 28132 28137 28138 28145 28148 28149 28152 28159 28169 28188 28189 28191 28192 28193 28210 28211 28212 28218 28219 28239 28241 28247 28248 28262 28268 28282 28283 28294 28295 28296 28297 28298 28300 28301 28302 28303 28304 28305 28306 28307 28308 28309 28310 28311 28318 28324 28327 28329 28330 28333 28350 28351 28352 28354 28355 28356 28358 28359 28360 28361 28362 28363 28364 28365 28366 28367 28368 28369 28370 28372 28373 28374 28376 28377 28378 28379 28381 28382 28384 28385 28386 28388 28389 28408 28419 28444 28446 28448 28450 28451 28452 28453 28454 28455 28458 28459 28461 28489 28497 28510 28521 28534 28535 28541 28548 28560 28561 28565 28568 28579 28590 28591 28592 28602 28619 28629 28630 28631 28636 28641 28657 28660 28662 28663 28682 28685 28686 28709 28710 28716 28732 28742 28743 28744 28746 28752 28753 28755 28758 28768 28770 28780 28781 28784 28785 28789 28790 28795 28796 28797 28798 28803 28808 28828 28831 28843 28853 28859 28877 28886 28895 28904 28905 28907 28912 28928 28939 28941 28946 28955 28970 28971 28988 28990 28992 28993 28998 29002 29003 29005 29028 29039 29046 29048 29120 29125 29128 29129 29133 29135 29138 29139 29140 29168 29169 29173 29176 29178 29179 29183 29192 29199 29200 29201 29205 29210 29211 29216 29217 29238 29252 29254 29257 29294 29303 29322 29324 29342 29345 29360 29361 29365 29366 29377 29378 29387 29390 29395 29397 29404 29416 29418 29419 29421 29425 29427 29428 29451 29452 29453 29471 29479 29480 29487 29493 29494 29495 29497 29498 29514 29523 29524 29526 29536 29537 29538 29539 29541 29542 29543 29544 29547 29548 29550 29551 29552 29553 29555 29558 29560 29561 29567 29568 29569 29571 29580 29586 29593 29612 29616 29632 29649 29650 29659 29660 29662 29664 29677 29681 29688 29704 29705 29723 29731 29751 29761 29764 29766 29777 29778 29779 29802 29804 29810 29812 29817 29820 29822 29823 29824 29838 29858 29859 29860 29873 29874 29877 29886 29898 29906 29908 29913 29914 29923 29928 29929 29933 29943 29958 29981 29994 29995 29998 30005 30010 30011 30018 30030 30034 30036 30039 30045 30053 30054 30058 30060 30062 30072 30074 30076 30078 30089 30181 30182 30190 30196 30203 30204 30205 30210 30212 30214 30216 30224 30225 30227 30228 30232 30233 30276 30278 30283 30287 30296 30301 30304 30312 30335 30338 30344 30350 30360 30362 30379 30398 30403 30422 30424 30425 30427 30434 30452 30455 30457 30462 30476 30477 30481 30488 30489 30493 30495 30500 30504 30507 30518 30519 30520 30524 30525 30526 30527 30533 30534 30536 30537 30538 30539 30541 30542 30543 30545 30548 30549 30550 30553 30554 30556 30557 30558 30560 30561 30564 30565 30566 30569 30572 30573 30575 30576 30577 30579 30582 30583 30584 30585 30587 30589 30590 30591 30592 30593 30594 30596 30598 30600 30603 30604 30606 30607 30608 30609 30610 30612 30613 30614 30615 30618 30620 30623 30624 30626 30627 30628 30630 30631 30632 30633 30634 30636 30638 30639 30641 30642 30643 30644 30645 30649 30652 30654 30655 30656 30657 30658 30659 30660 30661 30662 30663 30680 30681 30683 30684 30701 30722 30730 30731 30732 30734 30735 30736 30738 30743 30744 30746 30762 30763 30764 30766 30771 30776 30778 30780 30781 30782 30785 30786 30787 30788 30794 30802 30803 30826 30833 30839 30845 30855 30863 30864 30880 30891 30899 30905 30925 30936 30938 30942 30955 30957 30967 30969 30972 30975 30976 30982 30989 30990 30995 30996 31004 31032 31034 31035 31037 31046 31047 31070 31071 31076 31080 31087 31095 31117 31119 31123 31124 31126 31129 31139 31150 31165 31169 31179 31188 31189 31191 31193 31195 31200 31201 31214 31221 31223 31235 31237 31240 31248 31249 31274 31307 31366 31375 31381 31397 31404 31411 31415 31444 31447 31448 31460 31463 31464 31472 31473 31476 31491 31499 31509 31512 31516 31520 31521 31523 31524 31525 31527 31528 31531 31532 31536 31537 31538 31544 31547 31551 31555 31559 31561 31562 31564 31579 31580 31586 31587 31588 31591 31596 31597 31616 31617 31619 31625 31638 31639 31647 31648 31649 31650 31651 31654 31664 31672 31673 31677 31694 31695 31696 31698 31700 31723 31731 31732 31733 31739 31747 31752 31757 31798 31800 31802 31803 31817 31821 31835 31837 31852 31853 31859 31869 31870 31901 31907 31913 31934 31958 31968 31980 31981 31982 31987 31991 31994 31995 31996 32000 32010 32012 32018 32019 32021 32022 32023 32024 32027 32028 32029 32030 32032 32033 32034 32036 32038 32039 32040 32041 32042 32043 32045 32046 32047 32048 32049 32050 32052 32054 32055 32058 32059 32062 32063 32064 32066 32067 32069 32070 32071 32073 32074 32078 32080 32081 32082 32083 32085 32087 32088 32089 32091 32101 32103 32106 32109 32110 32112 32118 32121 32122 32128 32161 32163 32166 32167 32175 32192 32209 32214 32215 32216 32217 32261 32262 32263 32268 32275 32295 32302 32307 32308 32312 32341 32349 32351 32365 32366 32367 32371 32373 32374 32376 32385 32393 32401 32414 32416 32417 32419 32420 32427 32428 32442 32443 32461 32477 32479 32481 32488 32502 32507 32513 32516 32518 32550 32562 32566 32582 32587 32603 32604 32612 32613 32614 32633 32634 32648 32649 32650 32658 32659 32664 32670 32675 32676 32678 32697 32703 32706 32707 32708 32709 32711 32713 32718 32719 32726 32727 32728 32734 32742 32744 32749 32776 32786 32790 32800 32801 32813 32816 32844 32845 32847 32861 32862 32865 32874 32875 32877 32895 32897 32900 32911 32920 32927 32936 32939 32940 32945 32948 32951 32954 32957 32965 32978 32979 32981 32982 32997 33012 33013 33033 33040 33041 33046 33047 33050 33059 33061 33083 33088 33092 33095 33117 33120 33122 33123 33140 33150 33152 33184 33185 33190 33195 33196 33206 33213 33232 33233 33234 33250 33251 33263 33265 33266 33270 33298 33311 33314 33321 33346 33347 33348 33358 33360 33361 33365 33388 33405 33408 33441 33442 33443 33444 33449 33450 33451 33458 33476 33481 33488 33489 33493 33495 33501 33503 33504 33505 33506 33515 33517 33519 33531 33541 33548 33554 33573 33592 33593 33595 33601 33603 33607 33610 33620 33625 33632 33636 33637 33641 33642 33658 33674 33679 33680 33682 33684 33685 33686 33688 33689 33693 33694 33697 33698 33701 33703 33704 33708 33709 33710 33711 33712 33715 33717 33720 33726 33730 33731 33736 33742 33744 33747 33750 33755 33756 33762 33776 33777 33778 33784 33785 33787 33809 33810 33813 33814 33815 33816 33819 33820 33825 33838 33842 33846 33850 33866 33873 33886 33888 33896 33897 33898 33899 33904 33906 33920 33921 33922 33923 33924 33925 33926 33928 33929 33930 33931 33933 33943 33951 33952 33972 33975 33976 33977 34008 34028 34038 34041 34043 34047 34128 34131 34136 34137 34155 34156 34159 34170 34172 34175 34210 34216 34221 34225 34232 34237 34238 34239 34240 34242 34243 34249 34251 34252 34255 34256 34257 34265 34267 34270 34271 34278 34280 34283 34284 34287 34296 34300 34301 34303 34304 34305 34306 34307 34308 34311 34312 34317 34341 34360 34361 34365 34367 34368 34370 34376 34380 34381 34394 34405 34420 34428 34429 34430 34450 34455 34456 34457 34472 34473 34474 34476 34481 34482 34496 34505 34513 34538 34545 34546 34547 34549 34550 34552 34567 34571 34580 34582 34592 34593 34595 34619 34620 34630 34633 34634 34655 34665 34668 34670 34676 34697 34702 34705 34706 34707 34710 34712 34718 34719 34749 34758 34762 34779 34784 34787 34789 34791 34792 34806 34821 34822 34823 34839 34841 34860 34865 34873 34875 34884 34885 34898 34911 34925 34927 34928 34961 34962 34983 35010 35017 35018 35026 35031 35033 35034 35035 35046 35048 35049 35051 35057 35063 35070 35075 35084 35089 35098 35106 35135 35138 35146 35150 35159 35181 35187 35192 35201 35204 35205 35217 35241 35250 35265 35268 35290 35292 35293 35294 35297 35310 35321 35323 35324 35327 35341 35345 35357 35374 35375 35377 35379 35381 35382 35384 35394 35400 35407 35411 35414 35423 35436 35441 35452 35453 35464 35473 35479 35493 35496 35499 35500 35503 35508 35524 35527 35533 35535 35536 35537 35539 35540 35541 35542 35544 35545 35547 35550 35551 35552 35555 35556 35559 35560 35561 35562 35563 35565 35567 35568 35570 35571 35574 35575 35576 35578 35580 35581 35583 35585 35586 35589 35590 35591 35592 35593 35595 35596 35597 35598 35599 35600 35602 35603 35604 35606 35608 35609 35611 35613 35614 35616 35622 35623 35624 35625 35626 35627 35628 35634 35689 35691 35693 35704 35714 35717 35731 35740 35742 35744 35753 35755 35765 35767 35816 35819 35833 35834 35866 35902 35903 35909 35921 35922 35925 35926 35936 35938 35943 35950 35951 35952 35958 35961 35972 35975 35979 35985 35987 35993 35998 36017 36021 36022 36024 36042 36050 36051 36052 36058 36096 36115 36128 36165 36177 36203 36206 36207 36209 36214 36222 36229 36230 36233 36237 36238 36243 36252 36257 36267 36277 36295 36296 36302 36303 36304 36315 36319 36322 36324 36329 36339 36342 36343 36348 36363 36366 36375 36376 36384 36385 36402 36404 36406 36412 36435 36436 36445 36447 36448 36452 36456 36459 36471 36472 36473 36477 36487 36492 36496 36499 36500 36501 36502 36510 36512 36524 36531 36546 36551 36554 36557 36563 36564 36565 36567 36576 36578 36596 36601 36610 36611 36616 36617 36619 36620 36621 36622 36623 36624 36640 36651 36652 36653 36655 36656 36662 36665 36671 36674 36675 36677 36680 36681 36682 36690 36696 36701 36718 36724 36731 36734 36743 36766 36771 36776 36797 36799 36813 36816 36820 36823 36832 36847 36866 36875 36876 36883 36886 36897 36907 36908 36917 36930 36934 36939 36941 36948 36960 36961 36972 36973 36977 36992 36999 37011 37022 37029 37031 37032 37033 37040 37042 37043 37044 37050 37055 37073 37093 37094 37095 37096 37098 37099 37101 37104 37106 37107 37108 37109 37111 37112 37119 37120 37121 37134 37135 37137 37156 37169 37176 37177 37184 37226 37235 37238 37259 37277 37298 37305 37331 37332 37333 37339 37344 37358 37362 37363 37368 37377 37436 37457 37463 37464 37467 37476 37492 37493 37494 37496 37511 37525 37531 37540 37542 37552 37553 37557 37560 37565 37569 37573 37575 37578 37590 37595 37596 37603 37614 37621 37622 37627 37630 37631 37635 37642 37646 37647 37656 37660 37662 37680 37683 37697
3 2064 8610 8615
5 185 202 5914 11584 22687
2 15967 27013
5
11 737 3467 10625 12241 13605 15459 18364 29067 30736 34696 35913
15 3277 3994 4221 4946 8268 9314 9841 10870 11616 12368 13757 24710 27528 29383 31642
6 13164 18521 18951 32540 35473 35918
21 5785 6615 7959 8770 10375 16877 17738 18570 18792 19724 22111 24038 25249 26177 27769 28239 28564 30091 33053 33359 37532
18 296 15983 17335 20961 26118 27152 27893 30073 30562 30873 31606 31944 32300 32311 33868 34957 35401 36850
