10
7
5 71 5654 13053 27651 32664
10 10445 14092 14396 23982 26540 28084 30469 32107 33157 35815
9 370 412 1655 6139 9759 9783 30049 36229 36357
5 2075 9108 28875 32498 34001
15 822 5489 7150 8910 11074 13130 23094 24453 27253 27299 29505 30465 31522 35383 36556
12 1487 1946 4144 4688 10835 11765 16557 16841 17351 21062 24614 31111
5 13990 14851 19527 26078 31034
7
7 5834 11521 16610 19472 28970 29870 35235
5 1266 6930 10897 18073 29914
11 21403 24689 26345 33119 33250 33981 34859 34955 36163 37137 37496
10 3867 13190 14221 15786 23685 25455 28010 30087 35383 37447
40 815 1171 1325 2674 2871 3845 4878 5114 5726 5967 6583 7432 7789 7932 8086 9804 9932 10499 12718 12805 14159 14313 15005 15035 17695 18992 20023 22860 24951 25211 27006 31269 32925 33701 33741 34482 34548 35542 35783 37163
16 2056 12958 18913 21588 22843 23757 24495 25354 28417 30649 31081 32155 34802 35179 36325 37112
30 1958 4231 6701 9556 9661 11185 13198 13328 13685 13720 13763 17946 18650 18806 19725 21717 23283 23715 24787 24788 26504 26821 26833 26840 26849 26930 26937 27025 27032 27806
7
82 342 2833 6238 8040 9548 10994 11596 11998 13956 17123 19140 20751 21453 21772 22542 22812 24750 25395 25622 25741 26019 27251 27486 29147 29345 29423 29558 29561 29659 30518 30527 30536 30541 30542 30561 30583 30587 30596 30604 30612 30613 30614 30615 30638 30645 30652 30656 31053 31666 31815 32320 32627 32715 32809 33536 33646 33934 34147 34447 34664 34711 34729 35218 35947 36307 36506 36509 36686 36884 36974 36993 37151 37188 37205 37242 37284 37486 37551 37567 37600 37608 37659
28 1433 1628 2825 6406 9601 10067 11583 12782 12996 13061 15273 15394 16605 17828 18521 18540 21982 24171 26638 26734 27522 28362 29051 29958 32615 33697 33809 34892
8 2142 2519 11051 11055 12724 23100 25019 27471
148 357 488 1032 1033 1094 1997 2282 2326 2488 3164 3389 3458 3732 3948 3964 4226 4264 4269 4432 4481 4618 4867 5010 5082 5505 5541 5633 5794 5840 6208 6559 6750 6770 6779 6946 7625 8044 8089 8127 8174 8189 8417 8478 8972 9453 9888 9953 9969 11078 11101 11132 11349 11548 11584 11840 11857 12183 12292 12341 12511 12595 12737 12857 12966 12995 13011 13676 13706 13911 14022 14145 14529 14601 14657 14805 14836 14945 15505 15587 15924 16354 16423 16657 16789 16837 16931 17258 17589 17612 17744 17823 17954 17991 17993 18136 18252 18482 18684 18686 18800 18973 19826 19984 20913 20934 21144 21166 21274 21475 21493 21517 21531 21846 22160 22165 22557 22786 22970 23335 23447 23728 23755 23936 23973 24509 24517 24698 24738 24893 25363 25521 26179 27088 27096 27131 27155 27191 27246 27616 27879 29185 29639 29840 30132 30429 31216 32852 32907
16 232 2955 5941 7311 7351 13766 15203 17946 21043 21792 27336 30749 32820 33944 34090 35034
20 7839 8794 10516 11851 18751 24833 28079 32028 32032 32033 32036 32040 32042 32045 32050 32059 32064 32082 32085 32087
20 15128 19657 21612 24723 25180 26683 28101 28755 33061 33607 34550 34595 35010 36934 37176 37362 37603 37627 37630 37680
7
8 4461 7467 8730 23822 26128 27576 29676 31685
10 3748 4112 6335 14975 19280 24891 29800 31314 34130 35876
17 2450 5073 12880 15343 16568 17873 24999 25677 25930 27147 27271 29435 29692 29843 33836 34502 35388
105 379 689 749 1113 1707 1748 2619 2756 2791 3070 3563 3630 3846 3993 4026 4499 4796 4853 5333 5601 5714 5721 5737 5830 5854 5910 6401 7411 7544 8071 8307 8612 8695 9097 9172 10271 10731 11012 11175 11228 11233 11312 11319 11345 11347 11351 11352 11355 11368 11387 11391 11395 11401 12097 12344 12453 13438 14830 15360 15406 16067 17315 18474 18590 19191 19254 20222 20655 20805 22484 22519 22583 22600 23096 23454 23813 24644 25685 25833 26657 27380 27567 28027 28244 28853 28991 29016 29428 30199 30649 30854 30864 31683 32514 33234 33400 33921 34283 34335 34533 35306 35353 36618 36862 37195
81 378 708 860 1414 2756 3300 3761 3955 4168 4172 5273 5284 5834 5885 6448 6499 7706 8546 9258 9371 9419 10180 10895 10965 11087 11089 12416 13037 13427 14146 14645 14803 14843 15612 16201 16210 16515 16734 16792 17328 17523 18301 18303 18391 19183 19290 19498 20179 20222 21613 22786 23248 23251 23397 23608 23665 24811 24838 25136 25221 25480 25588 25914 26197 27252 27667 28044 28658 29032 31422 32308 32315 32877 33840 33878 33907 33987 34077 37186 37366 37554
30 1367 2811 3962 5598 8150 10348 11429 14208 15771 17857 17913 17950 18464 19413 20293 20624 22998 23961 26129 26158 26337 27410 29408 29669 32377 33784 34140 35577 35617 37660
17 26 1598 10928 14305 19621 21705 25455 27522 27529 27535 27539 27540 27580 27603 27658 27665 27685
7
18 562 858 5230 8054 12404 18395 18551 21216 21819 23058 32308 32814 32955 33413 33720 34315 35827 36085
11 6326 8600 18072 29019 29474 33274 33282 33318 33328 33338 33387
14 720 22308 23530 25148 29931 30083 32643 32644 32953 36239 36515 36516 36735 37198
118 131 780 810 1017 1033 1163 1259 1304 1996 2252 2402 2609 2809 3036 3127 3246 4283 4420 4507 4753 5099 5240 5448 6111 6438 6483 6528 6604 7260 7896 7986 8376 9310 9525 9700 9967 10154 10202 10543 10705 10731 10924 11661 11925 12175 12598 12881 13007 13015 13441 13742 13873 13903 13919 13961 14356 14419 14738 14815 14840 14888 14977 15321 15408 15550 15646 15650 15735 15763 15930 15991 16354 16733 16994 17222 17377 17399 17448 17805 17852 17897 18015 18100 18214 18322 18338 18456 18646 18647 19607 20278 20376 21056 21447 21467 21512 22773 23218 23421 23679 23900 24375 24381 24734 25032 25341 25876 26405 26700 27242 27272 27756 27823 28092 29262 29996 30052 31529
11 1714 4348 5873 7174 9161 14407 16705 16994 19799 27391 31061
6 4688 8266 10383 10835 11762 31111
2 6880 23248
7
58 160 2261 2907 3695 3949 4074 4390 5020 5767 6256 7505 8478 10930 12305 13201 13897 14910 15740 16088 16128 17233 17410 17797 18278 19452 19876 22229 22320 22336 22404 22872 24355 24436 25541 25801 25854 27100 27123 27250 27966 28944 29516 29763 29791 30222 31986 32379 32517 32602 32750 32799 32850 32922 34034 34288 34808 35090 35572
11 5787 14845 20629 22293 24673 26944 28787 31402 33706 35499 37022
5 2453 8973 22494 22715 33504
503 52 184 204 244 273 367 440 476 512 567 772 860 945 964 996 1049 1109 1215 1366 1373 1542 1548 1587 1700 1714 1762 1886 1906 2195 2197 2261 2265 2280 2369 2390 2398 2404 2423 2695 2727 2907 2926 3001 3139 3174 3177 3350 3534 3535 3839 3848 3902 3913 3931 4093 4156 4215 4233 4240 4288 4304 4339 4389 4450 4895 5020 5099 5187 5223 5236 5251 5543 5555 5562 5721 5833 5909 5938 5965 5993 6002 6057 6188 6253 6350 6589 6771 6788 6840 6900 7007 7021 7092 7154 7505 7529 7605 7642 7694 7710 7871 8064 8071 8134 8271 8275 8366 8463 8538 8558 8571 8797 8850 8853 9127 9219 9228 9262 9344 9461 9699 9756 9789 9872 9882 10039 10160 10352 10407 10425 10478 10749 10934 11012 11200 11222 11339 11433 11494 11546 11667 11680 11727 11751 11759 11848 11875 11919 11944 11967 12030 12042 12305 12319 12382 12395 12404 12476 12908 13037 13132 13239 13274 13512 13606 13657 13728 13884 13897 13928 13999 14066 14116 14443 14577 14593 14726 14917 14949 14975 14983 15001 15064 15068 15152 15210 15234 15262 15643 15682 15685 15934 15936 16118 16119 16130 16201 16236 16287 16289 16449 16501 16512 16588 16603 16751 16875 16884 16887 16933 16935 17014 17079 17131 17185 17264 17418 17547 17808 17824 17888 17890 17900 17925 18037 18161 18176 18205 18348 18409 18412 18482 18779 18850 19004 19015 19133 19201 19273 19289 19327 19329 19404 19420 19449 19459 19472 19556 19871 20047 20077 20133 20220 20252 20260 20323 20346 20504 20560 20590 20613 20679 20796 20797 20823 20947 20990 21042 21069 21107 21225 21282 21404 21446 21450 21536 21598 21600 21654 21778 21958 21961 21963 22152 22163 22182 22201 22296 22336 22359 22413 22899 22913 22922 22996 23131 23409 23710 23721 23767 23774 23966 24083 24124 24251 24252 24330 24332 24562 24575 24653 24719 24811 24813 24858 24929 25009 25012 25124 25129 25146 25312 25355 25405 25408 25427 25429 25493 25515 25658 25722 25742 25749 25909 25914 25920 25955 26015 26053 26347 26359 26392 26421 26543 26611 26687 26712 26811 26927 26962 27079 27098 27100 27122 27123 27195 27320 27399 27492 27676 27719 27959 28084 28116 28128 28235 28265 28274 28492 28494 28530 28531 28848 28872 28914 28929 28944 28945 29024 29045 29059 29081 29086 29121 29122 29163 29186 29197 29235 29250 29277 29314 29373 29400 29432 29446 29583 29665 29675 29866 29982 29985 30102 30139 30171 30359 30385 30409 30628 30718 30840 31000 31067 31093 31254 31284 31621 31861 31875 31876 31882 31980 31998 32094 32111 32165 32256 32472 32579 32618 32643 32690 32738 32795 32825 32882 32940 32973 33014 33069 33130 33339 33661 33939 33945 34034 34094 34194 34291 34445 34494 34610 34615 34714 34862 34890 34905 34931 35010 35156 35175 35211 35254 35272 35312 35352 35478 35511 35665 35702 35756 35809 35869 35897 35919 35945 35968 36135 36190 36331 36405 36442 36478 36481 36520 36575 36789 36804 36806 36894 37046 37087 37211 37243 37278 37343 37351 37404 37473 37479 37481 37538 37558
10 365 4285 6064 6504 9334 15403 23692 23959 27450 36887
14 15591 21155 25919 32879 33000 33946 36374 36380 36801 37100 37102 37110 37113 37114
20 1342 5073 6273 6548 9675 11369 11386 13978 14192 14408 20792 22967 27439 27633 28708 29163 29355 30837 36580 37184
7
175 228 1607 1961 2769 3318 3752 4256 5573 6716 7092 7240 7416 7594 7722 8243 9568 9598 10289 11059 11208 12173 13117 13119 13888 13969 14150 15397 15788 15967 16133 17238 17245 17590 18571 19159 20010 20900 21072 22269 22314 22350 22826 23038 23341 23528 23829 24373 24667 24689 25184 25348 25400 25509 25704 25821 26003 26345 26429 26687 27017 27060 27063 27276 27279 27321 27409 27851 28031 28036 28107 28117 28219 28338 28567 28723 29052 29378 29892 29898 30019 30030 30276 30491 30712 30809 30958 31184 31550 31593 32401 32940 33034 33119 33126 33235 33250 33450 33461 33538 33576 33679 33739 33776 33963 33981 34001 34150 34200 34225 34229 34252 34311 34360 34395 34429 34460 34484 34487 34574 34646 34705 34720 34774 34829 34856 34952 34955 34960 35043 35066 35155 35231 35271 35289 35447 35482 35519 35721 35925 35938 35961 36003 36163 36211 36235 36248 36257 36500 36504 36602 36630 36710 36774 36807 36901 36932 36941 36960 36962 37017 37020 37071 37134 37137 37204 37220 37235 37347 37471 37496 37505 37521 37604 37658 37681
7 2161 3855 9568 13948 15941 29131 34974
9 1659 2089 5890 10746 13721 18064 19112 20878 33125
68 699 2246 2921 3394 4307 4367 4594 5578 5771 5852 6397 6850 6874 7192 7431 7817 9359 10123 10683 11490 11834 12057 12259 12515 12649 12680 12880 13253 13630 16192 17231 19468 20413 20520 21195 21510 21653 24402 24407 25075 25220 25632 26573 26592 26635 26710 26799 26948 27831 27843 28086 28330 28378 28419 30225 30287 30557 30659 30969 31129 31448 32385 32393 32900 33642 33711 34041 35075
6 9614 27876 30463 31375 32635 34681
82 342 2833 6238 8040 9548 10994 11596 11998 13956 17123 19140 20751 21453 21772 22542 22812 24750 25395 25622 25741 26019 27251 27486 29147 29345 29423 29558 29561 29659 30518 30527 30536 30541 30542 30561 30583 30587 30596 30604 30612 30613 30614 30615 30638 30645 30652 30656 31053 31666 31815 32320 32627 32715 32809 33536 33646 33934 34147 34447 34664 34711 34729 35218 35947 36307 36506 36509 36686 36884 36974 36993 37151 37188 37205 37242 37284 37486 37551 37567 37600 37608 37659
30 1958 4231 6701 9556 9661 11185 13198 13328 13685 13720 13763 17946 18650 18806 19725 21717 23283 23715 24787 24788 26504 26821 26833 26840 26849 26930 26937 27025 27032 27806
7
23 172 870 1913 2530 4202 12166 12744 13710 16384 17015 17159 17238 17554 20002 24347 24832 25322 25406 26283 26402 33602 33895 37218
220 64 151 191 245 253 345 545 546 580 650 703 751 1024 1348 1619 2099 2573 2682 2704 2795 2899 3154 3414 3602 3624 3786 3897 4010 4438 4801 4802 4978 5279 5457 5462 5501 5581 5745 5813 5832 5949 5972 6657 6671 6805 6857 7028 7119 7157 7179 7248 7363 7471 7509 7522 7900 8000 8007 8374 8420 8426 8498 8587 8604 8653 9238 9260 9284 9296 9361 9418 9516 9677 9727 9977 10042 10362 10401 10518 10786 10825 10992 11109 11192 11377 11397 11567 11635 11761 11781 11877 12256 12507 12719 13049 13184 13281 13303 13316 14086 14287 14396 14406 14420 14703 15261 15390 15422 15463 15497 15588 15657 16136 16196 16234 16333 16828 16927 17071 17128 17340 17578 17585 17641 17650 18057 18144 18229 18536 18564 18587 18934 19569 19671 19820 19821 19952 20041 20076 20110 20482 20526 20663 20702 20711 20902 21269 21406 21752 21798 21834 21870 22248 22379 22398 22847 22997 23057 23357 23363 23469 23852 23956 24203 24321 24490 24658 24768 24825 25413 25437 25443 25489 25594 26075 26122 26143 26181 26196 26533 26689 26799 27152 27488 27829 27837 28145 28169 28478 28731 29116 29481 29667 29946 30193 30425 30504 30735 30841 31001 31089 31500 31519 31709 32170 33263 33535 33695 34310 34785 34903 34941 35107 35163 35291 35774 35787 35957 37328 37550
43 572 2747 3407 5255 5330 5625 7708 8348 10606 11019 11802 13083 14669 17793 18096 19238 19570 19650 21163 21623 23967 24344 24858 25275 25716 26824 26842 26847 26850 26861 26924 26986 26995 27006 28317 29862 30873 31855 32793 33132 33153 33371 33991
56 310 1113 3398 3638 3737 3904 3919 3962 4596 4757 5767 6488 7628 7999 9398 9802 9854 11134 11426 12281 12368 13481 14299 14633 15324 15565 16492 16622 16901 20070 21525 21924 22848 22894 23282 23889 24390 24443 24836 25577 25594 25810 26477 27719 28503 28641 29741 30784 31344 31763 33684 34449 35442 35581 35851 36354
16 2467 3130 5135 13196 18940 20788 27907 31909 33017 33530 34014 34730 34735 34736 34737 37293
13 9567 18500 26082 26127 26564 28664 31753 33217 34379 34615 35495 36178 36891
176 258 494 556 782 1135 1963 2123 2297 2530 2693 3174 3270 3350 3607 3633 3737 4016 4100 4214 4343 4447 4571 4613 4686 4746 4892 5159 5430 5431 5540 5550 5818 6005 6298 6444 6458 6499 6591 6704 6800 6881 6921 6979 7450 7575 7741 7869 7899 8012 8797 9079 9342 9486 9930 10371 10391 10673 10999 11087 11433 11546 12345 12703 12961 13089 13246 13508 13578 13728 14163 14546 14838 14936 14942 14943 15161 15250 15393 15477 15793 16001 16003 16327 16369 16500 16750 16814 16900 17036 17057 17064 17098 17375 17407 17615 17655 17674 17703 17896 17900 17906 18085 18149 18902 18982 19195 19498 19534 19563 19567 19745 19762 19857 20089 20194 20341 20498 20606 20716 21234 21272 21286 21414 21489 21616 21694 21695 21894 22183 22531 23092 23154 23714 23767 23834 23970 24076 24468 24569 24669 24960 24991 25090 25558 25885 25958 26678 27275 27731 27877 27919 28391 28485 29009 29063 29481 29482 29803 30941 31369 31844 31862 31916 32184 33363 33364 34013 34783 34818 34901 34976 34982 34988 35406 35513 36314
7
23 640 6800 6823 7587 9426 14306 16146 17777 17906 18218 18693 19063 20178 22464 23219 23578 25151 27275 32971 34750 34760 34988 35356
1238 10 25 40 57 64 94 107 123 124 125 139 148 163 165 202 216 231 252 254 265 316 340 359 373 446 485 519 553 573 596 636 649 699 701 721 724 734 758 769 802 849 864 891 911 1014 1061 1065 1086 1159 1187 1201 1241 1276 1298 1305 1339 1386 1388 1389 1397 1415 1425 1515 1544 1580 1584 1585 1601 1608 1660 1681 1713 1729 1779 1783 1832 1843 1866 1877 1893 1901 1923 1930 1940 1946 1958 2002 2032 2048 2096 2155 2161 2176 2196 2222 2283 2318 2367 2380 2381 2396 2402 2403 2419 2451 2468 2473 2505 2528 2560 2577 2582 2614 2629 2657 2659 2681 2698 2707 2753 2760 2776 2785 2797 2813 2823 2948 2972 2983 3079 3085 3117 3129 3143 3188 3283 3299 3359 3367 3375 3381 3386 3417 3448 3452 3499 3511 3556 3601 3626 3692 3693 3718 3804 3828 3836 3844 3867 3895 4003 4024 4073 4105 4114 4153 4165 4175 4199 4234 4259 4272 4301 4334 4347 4364 4376 4378 4420 4437 4487 4502 4526 4544 4586 4598 4599 4622 4651 4690 4730 4734 4809 4831 4842 4847 4880 4885 4894 4921 4977 5030 5092 5114 5149 5162 5210 5268 5304 5318 5319 5344 5425 5436 5448 5452 5457 5458 5575 5589 5593 5606 5610 5624 5659 5662 5705 5712 5735 5741 5754 5784 5796 5879 5915 5943 5961 5972 5973 6041 6116 6143 6151 6190 6196 6228 6239 6245 6257 6288 6300 6307 6329 6342 6368 6386 6405 6452 6456 6505 6507 6508 6511 6540 6551 6569 6571 6581 6589 6656 6670 6717 6761 6765 6796 6849 6862 6969 7026 7047 7112 7119 7137 7150 7202 7286 7328 7331 7344 7358 7366 7376 7386 7397 7399 7469 7471 7496 7549 7610 7627 7630 7667 7681 7686 7748 7806 7881 7889 7910 7934 7962 7964 7968 8014 8075 8088 8103 8128 8151 8158 8193 8194 8196 8221 8251 8300 8320 8346 8380 8386 8396 8398 8497 8511 8615 8630 8672 8696 8720 8738 8743 8744 8874 8929 8962 9098 9112 9129 9189 9252 9276 9283 9299 9302 9326 9338 9367 9421 9445 9514 9542 9547 9598 9604 9606 9627 9660 9678 9692 9712 9715 9721 9740 9788 9807 9812 9831 9892 9910 9931 9957 9959 9960 9965 9981 9991 10030 10042 10056 10095 10145 10243 10342 10346 10361 10424 10483 10542 10593 10625 10682 10691 10714 10733 10736 10755 10851 10862 10905 11030 11059 11081 11092 11140 11157 11162 11172 11205 11213 11277 11397 11418 11446 11484 11547 11558 11575 11603 11650 11860 11901 11977 12167 12168 12173 12193 12217 12222 12232 12266 12293 12329 12373 12388 12410 12454 12459 12461 12496 12518 12553 12602 12621 12634 12640 12727 12732 12770 12772 12776 12795 12813 12814 12822 12825 12831 12885 12913 12981 12985 13052 13094 13115 13159 13237 13247 13256 13264 13273 13291 13295 13344 13372 13400 13467 13474 13507 13532 13545 13558 13600 13606 13642 13655 13754 13787 13789 13808 13812 13827 13828 13840 13872 13940 13951 13984 14020 14086 14090 14147 14221 14264 14265 14279 14287 14291 14304 14306 14307 14309 14365 14372 14374 14375 14383 14384 14385 14390 14391 14392 14402 14441 14444 14497 14521 14542 14543 14568 14577 14623 14650 14665 14672 14754 14767 14773 14785 14847 14859 14867 14870 15021 15029 15084 15125 15149 15151 15153 15202 15244 15265 15286 15309 15319 15326 15330 15336 15340 15352 15383 15422 15446 15467 15475 15523 15541 15560 15568 15588 15589 15591 15640 15649 15729 15737 15742 15757 15779 15821 15824 15832 15893 15900 15914 15963 15982 16031 16043 16056 16068 16140 16144 16185 16203 16208 16277 16278 16280 16297 16299 16325 16404 16407 16429 16452 16479 16532 16567 16589 16669 16719 16736 16772 16775 16807 16834 16893 16906 16927 16984 17017 17087 17124 17134 17198 17200 17217 17264 17270 17321 17325 17403 17415 17439 17442 17452 17457 17463 17510 17528 17534 17542 17544 17568 17613 17689 17714 17729 17731 17748 17753 17784 17786 17817 17886 18005 18028 18039 18103 18109 18112 18126 18137 18141 18151 18193 18195 18259 18261 18268 18366 18385 18452 18462 18476 18511 18528 18542 18581 18609 18698 18712 18719 18720 18727 18794 18807 18888 18894 18930 18967 18976 18984 18990 19016 19018 19103 19174 19206 19241 19270 19271 19298 19394 19417 19451 19565 19570 19608 19613 19617 19684 19744 19766 19779 19806 19833 19951 19972 20005 20042 20085 20112 20130 20134 20142 20219 20255 20257 20306 20313 20326 20340 20352 20369 20383 20400 20426 20428 20439 20515 20558 20564 20570 20578 20591 20654 20714 20730 20744 20866 20868 20877 20890 20892 20894 20902 20933 20960 20965 20980 21019 21041 21062 21065 21084 21255 21263 21269 21300 21336 21374 21405 21437 21439 21607 21628 21659 21664 21708 21783 21792 21850 21951 21984 22032 22070 22122 22214 22223 22263 22294 22316 22384 22423 22450 22529 22594 22672 22826 22907 22934 22953 22957 22963 22999 23000 23015 23016 23017 23018 23082 23129 23163 23196 23206 23231 23287 23293 23350 23368 23469 23486 23493 23494 23495 23504 23507 23542 23594 23654 23656 23677 23723 23777 23803 23861 23865 23894 23898 23906 23921 23941 23985 24084 24089 24123 24221 24278 24297 24341 24407 24413 24458 24479 24483 24540 24584 24589 24604 24628 24715 24748 24779 24787 24795 24806 24839 24841 24878 24961 24966 24979 25026 25029 25039 25059 25102 25137 25167 25174 25198 25216 25229 25233 25279 25329 25348 25381 25386 25486 25490 25491 25495 25544 25557 25566 25584 25592 25682 25793 25799 25804 25829 25859 25886 25943 26004 26079 26100 26105 26132 26261 26279 26358 26407 26538 26554 26578 26599 26605 26636 26870 26984 27008 27071 27109 27185 27220 27240 27249 27278 27282 27357 27377 27391 27395 27463 27469 27470 27544 27609 27615 27650 27736 27760 27786 27791 27797 27804 27851 27946 27986 27991 28036 28104 28112 28143 28152 28178 28195 28243 28323 28398 28401 28416 28437 28508 28624 28659 28662 28674 28713 28727 28749 28754 28770 28819 28828 28834 28893 28902 28948 28977 28988 29002 29102 29141 29179 29215 29252 29258 29275 29319 29405 29412 29447 29537 29555 29566 29580 29667 29738 29756 29793 29804 29830 29854 29860 29866 29875 29884 29899 29920 29925 29971 30004 30076 30078 30081 30125 30232 30364 30382 30403 30422 30474 30494 30495 30507 30516 30537 30560 30663 30749 30769 30814 30856 30862 30904 30917 30922 30966 31002 31069 31154 31187 31344 31355 31363 31423 31553 31559 31587 31611 31618 31626 31830 31881 31899 31960 31983 32012 32015 32114 32124 32186 32189 32196 32201 32314 32336 32401 32452 32455 32490 32506 32540 32593 32666 32732 32749 32802 32812 32872 32911 32913 32928 32930 32962 33007 33024 33026 33038 33185 33187 33224 33279 33282 33287 33308 33329 33335 33353 33380 33398 33481 33484 33580 33586 33587 33603 33611 33627 33678 33681 33710 33731 33805 33837 33870 33921 33975 34012 34055 34122 34175 34267 34286 34289 34290 34301 34323 34360 34376 34379 34428 34531 34542 34546 34568 34661 34670 34687 34810 34811 34882 34901 34921 34971 35012 35021 35029 35064 35118 35126 35165 35192 35236 35240 35317 35384 35443 35477 35496 35498 35506 35569 35578 35582 35596 35597 35612 35637 35695 35697 35701 35706 35736 35826 35872 35889 35988 36034 36043 36099 36122 36126 36172 36216 36225 36291 36503 36534 36589 36594 36602 36604 36640 36660 36707 36724 36729 36756 36788 36839 36858 36859 36888 36906 36957 36978 36990 37024 37042 37112 37152 37196 37251 37257 37270 37347 37434 37508 37551 37638 37654 37676
6 7299 10840 15553 31861 32333 34184
136 230 236 1019 1194 1264 1392 1665 1966 2110 2201 2433 2519 3026 3130 3261 4353 5188 5541 5585 5703 5827 6567 6591 6595 6753 6900 7025 7646 7797 8172 8255 8437 10348 10358 10462 10617 11052 11091 11386 11488 11494 12201 12851 14047 14570 14670 14835 15397 15645 16118 16834 16846 17043 17057 17265 18257 18322 18370 18583 19799 19856 19857 21020 21661 21858 22172 22182 22413 22566 22814 22833 23310 23765 23871 24125 24318 24351 24419 24591 24834 25641 26129 26260 26308 26343 26678 26893 26927 27117 27768 28577 29266 29378 29496 29509 29633 29783 29859 30137 30167 30318 30567 30755 30994 31238 31272 32115 32126 32353 32563 32580 32759 32920 32935 33146 33168 33332 33415 33551 33572 33897 34105 35200 35216 35434 35625 35631 35668 35930 36544 37027 37118 37155 37202 37212 37532
27 6116 8428 8613 11982 13124 14322 18694 20320 20392 23259 24452 26716 28366 28971 29089 29772 30687 31526 32189 32444 34353 34896 35072 35359 36615 37139 37307
5 11322 17024 20676 21939 30225
11 3810 12516 13612 13831 19750 20382 20548 28786 29332 29624 30647
7
6 1674 7019 8360 13052 14351 33902
11 9212 9701 10220 13213 17841 19402 24849 25278 29688 29745 36567
35 2236 9935 12180 12310 12822 19223 20488 20779 20781 22298 25190 26696 28019 28333 29360 29538 29660 30493 30955 32414 34008 34267 34370 34839 35436 36930 36972 37093 37094 37099 37101 37106 37107 37109 37111
14 13619 14667 23254 23758 25416 25556 27916 27990 31440 31737 35410 36045 36831 36925
6 9466 9582 11412 12647 14667 32822
113 931 1613 1895 1924 2261 2440 3657 7400 7992 8472 10162 10537 10987 11932 13614 14066 14693 16312 16871 17639 17746 18055 18170 18994 19734 20092 20132 20533 21919 21940 23332 23668 23718 24026 24556 25140 25457 25649 25977 26127 26201 26399 27320 27721 28426 28651 28751 29240 29380 29472 30220 30311 30839 30886 31210 31229 31560 31756 31837 31933 32164 32255 32327 32451 32752 32769 32976 33042 33050 33058 33145 33765 33835 33861 34586 34669 34700 34709 34723 34815 34916 34918 34985 35061 35085 35139 35191 35259 35473 35502 35526 35529 35809 36062 36246 36510 36522 36610 36674 36683 36731 36765 36806 36891 36922 37154 37177 37192 37281 37330 37468 37487 37672
1792 28 93 172 272 315 334 343 355 364 383 402 428 429 448 466 473 507 519 522 523 530 559 563 589 656 670 683 690 693 713 828 833 854 865 893 894 908 930 931 941 949 968 974 981 1018 1035 1089 1096 1157 1161 1162 1237 1240 1254 1255 1283 1305 1309 1312 1336 1350 1358 1372 1380 1387 1413 1468 1529 1538 1563 1569 1592 1595 1596 1606 1623 1627 1658 1698 1707 1748 1769 1825 1845 1873 1915 1923 2005 2031 2055 2065 2069 2071 2092 2108 2117 2129 2138 2141 2145 2159 2176 2198 2200 2220 2231 2245 2246 2250 2263 2270 2311 2318 2328 2329 2341 2350 2362 2401 2419 2460 2469 2471 2485 2505 2511 2518 2547 2558 2587 2662 2667 2671 2710 2733 2749 2775 2789 2811 2840 2851 2869 2911 2915 2934 2948 2993 3056 3126 3136 3179 3191 3223 3243 3295 3372 3377 3403 3404 3453 3480 3482 3509 3519 3604 3651 3657 3658 3669 3675 3739 3809 3863 3866 3875 3879 3884 3889 3890 3933 3982 4022 4047 4054 4062 4123 4174 4183 4216 4223 4230 4274 4281 4333 4392 4398 4400 4417 4426 4436 4440 4497 4513 4527 4536 4556 4564 4570 4582 4590 4659 4660 4710 4736 4770 4810 4813 4816 4856 4872 4876 4900 4910 4922 4928 4932 4998 5003 5005 5018 5023 5117 5197 5255 5258 5271 5298 5325 5355 5356 5394 5425 5429 5461 5489 5494 5608 5613 5678 5701 5714 5720 5729 5810 5817 5820 5868 5890 5900 5910 5943 5963 5966 5996 6030 6061 6073 6082 6084 6147 6192 6205 6217 6251 6292 6318 6327 6381 6397 6433 6461 6470 6493 6518 6522 6528 6551 6563 6596 6659 6668 6716 6721 6724 6768 6810 6894 6901 6985 7048 7089 7116 7122 7144 7172 7177 7195 7225 7265 7273 7307 7329 7352 7364 7451 7460 7473 7481 7495 7523 7531 7554 7581 7586 7592 7606 7609 7613 7617 7630 7641 7645 7681 7685 7704 7713 7768 7790 7800 7830 7831 7856 7902 7915 7919 7922 7946 7950 7965 7974 7975 7980 8000 8078 8158 8213 8231 8251 8262 8293 8307 8325 8339 8343 8349 8357 8375 8386 8437 8536 8544 8577 8661 8668 8674 8713 8716 8736 8750 8782 8817 8828 8838 8873 8874 8883 8896 8914 8915 8975 8976 8980 9007 9033 9043 9058 9065 9075 9079 9091 9102 9114 9141 9165 9175 9229 9284 9287 9292 9298 9355 9385 9408 9421 9433 9474 9501 9502 9526 9562 9600 9606 9643 9717 9738 9739 9775 9792 9795 9808 9841 9943 9946 9947 9951 10000 10002 10009 10012 10032 10038 10051 10057 10060 10066 10075 10127 10149 10194 10229 10289 10302 10323 10330 10336 10353 10366 10415 10419 10442 10445 10453 10478 10500 10551 10555 10573 10601 10629 10638 10656 10670 10674 10695 10732 10740 10763 10825 10882 10907 10936 10948 10956 11015 11024 11036 11075 11080 11082 11102 11175 11207 11217 11225 11242 11244 11272 11288 11289 11301 11316 11322 11333 11344 11374 11411 11427 11444 11476 11512 11574 11600 11620 11632 11706 11713 11734 11735 11739 11756 11788 11836 11851 11916 11950 11959 11961 11997 11999 12006 12011 12016 12069 12135 12149 12168 12177 12190 12208 12212 12229 12273 12274 12323 12339 12415 12458 12486 12518 12520 12527 12539 12552 12564 12575 12596 12599 12602 12606 12614 12623 12626 12630 12648 12665 12674 12704 12708 12748 12781 12807 12832 12844 12855 12867 13033 13040 13043 13054 13093 13136 13138 13147 13217 13226 13237 13319 13397 13400 13410 13433 13440 13443 13456 13461 13470 13479 13531 13538 13539 13542 13550 13568 13581 13594 13607 13630 13693 13699 13709 13729 13751 13767 13793 13808 13815 13835 13863 13873 13892 13909 13912 14062 14080 14096 14101 14115 14118 14148 14160 14179 14185 14197 14250 14254 14256 14270 14301 14306 14399 14424 14447 14450 14455 14471 14528 14537 14563 14581 14594 14611 14669 14697 14767 14806 14817 14832 14844 14850 14855 14858 14877 14907 14969 14972 15003 15031 15040 15058 15097 15100 15104 15137 15153 15166 15178 15180 15202 15223 15229 15265 15324 15399 15451 15469 15481 15498 15543 15591 15593 15600 15620 15670 15673 15684 15711 15725 15760 15800 15835 15847 15858 15873 15883 15910 15948 15949 15965 15986 16008 16014 16038 16045 16081 16108 16131 16133 16221 16228 16334 16336 16337 16340 16345 16359 16368 16369 16384 16391 16433 16487 16490 16496 16551 16614 16616 16669 16723 16730 16784 16836 16845 16851 16852 16854 16873 16895 16911 16924 16930 16932 16962 17020 17101 17116 17129 17159 17160 17193 17226 17231 17243 17247 17283 17311 17386 17403 17420 17421 17433 17453 17465 17467 17472 17480 17540 17546 17548 17599 17661 17680 17743 17804 17826 17846 17860 17861 17877 17924 17987 17994 18024 18076 18088 18103 18109 18119 18203 18207 18217 18224 18291 18317 18344 18379 18382 18410 18440 18447 18461 18478 18486 18497 18498 18508 18513 18534 18558 18570 18579 18617 18733 18735 18736 18737 18740 18744 18771 18786 18815 18828 18855 18909 18915 18932 18942 18967 18972 18994 18995 19022 19033 19085 19097 19122 19144 19151 19166 19178 19189 19222 19228 19232 19240 19247 19297 19321 19325 19331 19358 19370 19395 19423 19425 19433 19496 19506 19524 19538 19575 19589 19709 19726 19731 19733 19734 19750 19753 19768 19772 19814 19888 19891 19924 19982 20010 20032 20042 20099 20121 20137 20141 20153 20176 20177 20185 20200 20213 20219 20241 20252 20268 20277 20328 20363 20394 20431 20440 20454 20457 20472 20473 20480 20496 20534 20563 20567 20568 20571 20631 20652 20659 20665 20676 20699 20707 20720 20726 20744 20750 20756 20766 20772 20821 20823 20839 20842 20859 20895 20917 20951 20974 20978 21030 21038 21057 21113 21159 21167 21173 21181 21198 21208 21209 21245 21249 21250 21251 21272 21292 21317 21363 21370 21382 21391 21401 21402 21412 21453 21462 21586 21595 21608 21650 21656 21657 21689 21706 21728 21735 21739 21743 21747 21752 21771 21776 21781 21786 21789 21799 21807 21818 21821 21915 21934 21935 21957 21974 22023 22027 22063 22067 22068 22070 22071 22104 22128 22221 22224 22242 22265 22281 22303 22339 22349 22387 22408 22433 22456 22459 22472 22481 22548 22570 22589 22631 22640 22684 22700 22803 22821 22822 22845 22857 22874 22876 22905 22934 22946 22948 22971 23011 23023 23046 23057 23104 23209 23212 23220 23246 23265 23295 23355 23363 23371 23373 23376 23392 23398 23442 23469 23525 23531 23535 23574 23602 23635 23637 23642 23653 23681 23736 23737 23749 23751 23759 23791 23796 23797 23799 23855 23919 23920 23924 23996 24002 24012 24063 24093 24115 24132 24136 24262 24287 24290 24296 24327 24339 24368 24427 24445 24473 24502 24520 24530 24532 24590 24614 24628 24671 24682 24686 24706 24713 24723 24746 24761 24768 24769 24809 24838 24872 24898 24901 24914 24930 24955 25027 25033 25035 25041 25050 25051 25061 25064 25073 25074 25106 25169 25175 25197 25287 25288 25293 25320 25332 25359 25373 25387 25442 25452 25470 25526 25531 25545 25548 25550 25556 25591 25610 25638 25674 25694 25705 25718 25734 25735 25754 25796 25823 25831 25850 25854 25860 25862 25904 25985 25991 26040 26094 26096 26158 26192 26207 26210 26249 26259 26265 26277 26284 26295 26323 26337 26352 26418 26447 26453 26468 26486 26568 26588 26618 26630 26643 26648 26680 26705 26707 26730 26740 26771 26779 26789 26843 26870 26892 26896 26904 26926 26949 26970 27002 27009 27016 27035 27054 27151 27168 27173 27176 27237 27261 27269 27282 27307 27363 27365 27414 27416 27417 27464 27470 27486 27515 27546 27551 27559 27562 27573 27576 27585 27587 27601 27603 27624 27632 27648 27661 27663 27676 27681 27708 27710 27740 27749 27775 27805 27813 27817 27827 27831 27956 27969 27974 27987 27989 28006 28021 28039 28079 28104 28112 28165 28194 28195 28228 28273 28305 28329 28342 28385 28418 28432 28450 28454 28459 28496 28501 28546 28558 28561 28608 28648 28660 28696 28715 28716 28768 28808 28817 28825 28826 28847 28848 28853 28870 28888 28905 28919 28930 28948 28963 29001 29034 29038 29042 29113 29139 29147 29171 29174 29189 29192 29217 29236 29252 29281 29315 29316 29324 29336 29341 29417 29420 29428 29444 29452 29462 29474 29483 29495 29502 29524 29542 29546 29550 29555 29568 29571 29579 29580 29590 29636 29637 29662 29668 29696 29735 29772 29784 29802 29824 29838 29844 29872 29874 29882 29895 29903 29909 29915 29948 29957 29967 29972 30019 30025 30029 30039 30057 30062 30070 30082 30089 30092 30121 30233 30239 30287 30312 30313 30316 30341 30406 30410 30461 30524 30532 30540 30545 30549 30557 30589 30605 30608 30609 30615 30620 30622 30633 30644 30647 30677 30687 30724 30764 30777 30780 30804 30835 30843 30854 30869 30882 30886 30896 30897 30908 30923 30977 30991 30998 31004 31022 31024 31026 31028 31070 31085 31098 31137 31144 31152 31244 31246 31253 31338 31370 31406 31448 31521 31553 31574 31628 31670 31674 31705 31721 31750 31798 31817 31863 31864 31866 31872 31894 31912 31913 31924 31934 31959 31965 31968 31976 31982 31995 32003 32026 32031 32044 32057 32098 32149 32158 32161 32164 32182 32186 32190 32198 32209 32261 32366 32371 32388 32424 32437 32442 32463 32467 32478 32480 32493 32495 32503 32522 32532 32543 32585 32625 32635 32645 32652 32665 32682 32706 32707 32714 32773 32776 32786 32803 32810 32845 32869 32870 32877 32887 32892 32896 32898 32915 32919 32938 32955 32957 33031 33036 33064 33082 33086 33190 33196 33198 33213 33226 33260 33309 33326 33348 33375 33442 33445 33455 33456 33465 33472 33507 33520 33536 33559 33593 33605 33632 33639 33669 33693 33704 33725 33727 33729 33744 33748 33764 33765 33768 33778 33811 33818 33821 33876 33900 33927 33941 33943 33946 33955 33958 33980 33998 34018 34019 34024 34129 34137 34157 34217 34234 34249 34270 34271 34295 34296 34308 34322 34333 34376 34421 34454 34461 34473 34522 34538 34551 34576 34577 34613 34620 34621 34623 34626 34672 34687 34697 34712 34718 34804 34818 34830 34877 34878 34899 34904 34922 34925 34944 34958 34981 35006 35008 35018 35034 35068 35075 35076 35086 35093 35094 35113 35148 35176 35177 35179 35181 35260 35279 35280 35297 35303 35335 35348 35375 35393 35424 35453 35520 35542 35553 35579 35588 35600 35605 35607 35609 35611 35626 35686 35692 35719 35751 35822 35835 35853 35859 35912 35917 35952 35998 36010 36082 36087 36096 36119 36139 36178 36235 36241 36248 36254 36257 36295 36319 36339 36366 36433 36448 36452 36456 36464 36469 36496 36536 36551 36576 36607 36620 36624 36657 36690 36714 36719 36849 36878 36885 36905 36944 36974 36991 36997 37011 37036 37048 37049 37050 37097 37099 37108 37112 37116 37122 37127 37134 37140 37146 37155 37167 37205 37215 37216 37218 37268 37301 37320 37321 37342 37346 37357 37375 37387 37416 37423 37438 37456 37458 37468 37488 37509 37510 37535 37540 37551 37565 37589 37598 37610 37627 37641 37642 37656 37659 37684 37695
